clusterA/clusterB	DC1	DC2	EVT	EVT_p	F1	F2	Granulocytes	HB	ILC3	M3	Monocytes	NK	NK_CD16+	Plasma_cells	SCT	T_cells	VCT	VCT_p	dM1	dM2	dNK1	dNK2	dNK3	dNK_p	dS1	dS2	dS3	dT_cells	un_annoted	
DC1	4	7	5	1	1	3	6	1	2	5	11	7	4	4	5	9	4	2	9	7	4	3	7	
DC2	1	1	4	2	2	2	4	4	1	2	1	4	1	3	5	2	2	3	
EVT	86	1	192	194	199	82	94	175	1	160	97	4	6	5	170	48	243	202	178	105	174	199	124	102	238	228	184	124	218	
EVT_p	76	1	154	141	150	48	76	138	5	127	79	4	4	132	41	180	160	138	90	133	160	102	80	180	180	136	94	173	
F1	54	5	128	125	134	37	52	116	1	105	60	5	9	6	121	50	188	150	107	83	127	156	105	66	170	171	121	85	154	
F2	1	8	6	10	2	6	1	6	3	2	5	3	15	12	9	4	10	17	9	1	14	14	8	5	11	
Granulocytes	4	4	4	4	4	5	5	4	5	5	6	5	4	5	6	2	4	5	5	4	5	6	
HB	47	2	94	92	92	30	48	95	3	79	50	2	6	4	86	33	147	113	92	68	94	125	88	52	136	130	90	69	126	
ILC3	1	4	1	1	4	1	2	5	7	4	2	1	5	3	3	1	5	3	1	1	4	
M3	35	62	60	63	24	31	64	1	59	32	1	1	6	60	13	88	70	65	43	66	82	54	30	90	87	61	48	73	
Monocytes	2	8	5	10	4	2	6	5	2	1	3	1	7	8	14	13	4	4	10	15	5	5	15	12	7	6	10	
NK	3	3	2	1	1	3	5	2	2	3	2	2	6	3	4	7	
NK_CD16+	2	2	3	2	6	3	1	4	5	5	16	7	7	6	7	11	2	1	11	14	2	1	8	
Plasma_cells	2	2	5	2	3	4	1	1	5	8	4	2	4	6	10	1	7	5	2	3	4	
SCT	24	3	63	55	72	24	25	59	3	55	25	5	2	58	34	107	66	61	44	75	83	54	26	100	91	42	46	84	
T_cells	4	34	33	41	4	31	8	16	9	3	6	6	38	46	91	59	48	26	45	77	35	6	79	70	23	25	64	
VCT	116	11	330	304	345	85	101	318	14	241	115	11	35	20	282	168	607	388	319	225	346	488	274	153	538	517	288	236	463	
VCT_p	50	1	131	123	138	40	46	137	7	99	57	2	7	7	111	66	212	151	132	87	119	175	99	52	190	192	111	94	171	
dM1	14	2	63	50	51	13	11	51	2	38	12	3	7	2	49	50	116	70	54	33	69	93	48	23	107	93	58	32	90	
dM2	4	22	21	32	3	1	24	3	19	3	6	4	25	30	74	39	23	21	42	47	41	7	59	60	19	18	45	
dNK1	10	1	63	53	67	12	6	54	6	47	14	4	11	7	56	47	155	71	65	50	66	106	56	25	129	125	58	42	100	
dNK2	15	6	101	90	117	31	11	99	3	67	20	2	20	16	77	97	248	143	108	61	130	182	93	29	214	188	86	69	161	
dNK3	7	1	39	42	52	9	2	42	4	29	8	3	2	1	35	36	96	52	46	45	51	78	36	9	90	81	37	39	77	
dNK_p	2	13	7	14	1	2	10	1	8	5	1	7	5	27	12	9	8	15	15	9	2	19	21	8	6	17	
dS1	150	7	612	572	569	196	115	510	14	438	131	7	21	40	461	217	812	612	494	229	544	669	351	184	794	776	537	304	735	
dS2	77	14	366	360	356	114	64	345	5	275	73	7	36	10	272	147	533	397	302	162	361	438	243	107	519	515	349	187	472	
dS3	15	2	70	57	71	14	13	58	2	43	11	2	3	37	28	98	72	64	25	67	78	46	18	101	92	54	34	87	
dT_cells	3	2	21	22	26	5	3	23	1	17	7	4	1	3	20	22	62	31	25	19	29	44	28	6	53	42	24	8	39	
un_annoted	64	4	252	236	253	73	63	233	10	174	70	12	13	16	208	114	362	263	231	120	213	291	153	86	351	345	238	128	314	
