ID	x	y	z	cluster
CY88CD45POS_2_F06_S450_comb	6.100092	-5.247890	1.382119	4.000000
cy94_cd45neg_cd90pos_F12_S360_comb	0.491598	-16.943884	1.734693	8.000000
cy82-CD45-pos-3-G06-S78-comb	8.121654	-0.484569	-1.156238	7.000000
cy72-CD45-pos-G02-S938-comb	-14.672365	-13.360959	24.221075	6.000000
Cy81_FNA_CD45_F10_S358_comb	5.100281	6.653100	-0.203438	7.000000
cy79-p4-CD45-neg-PDL1-pos-F06-S450-comb	18.485228	6.034036	-1.764300	7.000000
cy80-Cd45-pos-PD1-pos-S183-H03-S183-comb	-8.309368	2.289797	1.663548	6.000000
cy88_cd_45_pos_E11_S443_comb	-12.277609	-2.329539	3.712235	6.000000
cy79-p5-CD45-neg-PDL1-pos-F10-S742-comb	15.588811	10.344027	-7.333312	7.000000
cy79-p1-CD45-neg-PDL1-neg-AS-C4-R1-C10-S130-comb	11.161352	2.966995	-0.419049	7.000000
monika_E8_S142_comb	-28.767384	31.519941	-0.761255	6.000000
cy94_cd45pos_A08_S104_comb	-11.183886	-7.746621	8.578253	6.000000
cy79-p1-CD45-pos-PD1-neg-AS-C1-R2-B01-S493-comb	-3.727057	-8.175390	18.449795	8.000000
cy80-CD45-neg-B10-S886-comb	9.663143	13.139506	5.332152	7.000000
Cy67-CD45pos-S2-F5_S65	9.270947	-23.271391	13.487554	1.000000
cy79-p5-CD45-neg-PDL1-pos-G10-S754-comb	13.328108	0.442254	-8.327619	7.000000
cy84_Primary_CD45_pos_G09_S465_comb	-3.250076	-5.324764	1.527675	1.000000
CY67_NEG_A_CAGAGAGG_ACTGCATA	3.638604	0.458259	-1.023406	6.000000
cy88_cd_45_pos_3_D09_S621_comb	-2.021156	-1.582285	5.919822	6.000000
Cy67-CD45pos-S2-B1_S13	-4.419554	-0.000403	-21.779671	6.000000
Cy80_II_CD45_D12_S912_comb	4.037647	-9.383193	-2.432001	7.000000
CY89A_CD45_POS_6_D03_S135_comb	-3.800520	1.026401	4.758090	6.000000
cy94_cd45pos_A02_S98_comb	-19.909967	4.115900	10.623275	6.000000
cy79-p4-CD45-neg-PDL1-neg-B09-S1077-comb	4.593051	-1.191444	-13.330931	7.000000
CY88_5_E02_S722_comb	27.315856	-4.302954	-7.391856	7.000000
cy80-Cd45-pos-PD1-pos-A03-S15-comb	-21.856703	-21.782229	10.377562	1.000000
Cy72_CD45_E08_S728_comb	-5.694794	-6.116940	33.256188	6.000000
Cy74_CD45_F11_S455_comb	-11.802025	4.600943	-0.084082	6.000000
cy82-CD45-pos-2-F02-S542-comb	14.546419	-1.811146	0.835305	7.000000
CY80-neg-E11-S59-comb	13.755851	-9.937208	4.268054	7.000000
CY89A_CD45_POS_6_B10_S118_comb	-11.654970	7.024405	18.175848	6.000000
cy94_cd45pos_F03_S159_comb	-8.066493	-5.631665	15.139353	6.000000
cy60_1_cd_45_pos_HC_pos_HLDAR_pos_B06_S978_comb	-5.574638	-5.389398	2.424765	1.000000
cy88_cd_45_pos_F09_S453_comb	-15.020829	-16.732231	-20.261661	6.000000
cy84_Primary_CD45_pos_E08_S440_comb	-1.680496	0.044765	-3.796801	5.000000
cy79-p3-CD45-pos-PD1-neg-B11-S119-comb	3.073902	-14.309277	2.302112	1.000000
monika_E9_S143_comb	-16.227529	-3.858201	-6.319642	6.000000
CY65_NEG_A_AACATAAT_AGGATCTA	-4.620331	1.133765	-1.273751	4.000000
CY89NEG_A10_S10_comb	19.034279	0.131794	-5.449025	7.000000
CY94CD45POS_1_E06_S150_comb	-13.697026	-14.834618	1.806273	8.000000
Cy74_CD45_B03_S399_comb	1.226662	-1.550629	-1.251933	6.000000
Cy81_FNA_CD45_A04_S196_comb	-13.309922	-5.332272	6.369383	6.000000
cy58-1-CD45-pos-A05-S581-comb	-9.624241	3.070790	-2.602860	6.000000
cy80-CD45-pos-PD1-pos-F08-S164-comb	-29.430929	10.510321	6.325837	6.000000
cy94_cd45pos_4_A03_S3_comb	-11.955016	-7.059129	1.872659	6.000000
CY94_CD45NEG_CD90POS_2_A05_S5_comb	-18.125044	-15.532215	6.799990	6.000000
CY84_PRIM_POS_All_8_G07_S175_comb	-3.592600	2.511173	-1.562760	8.000000
CY75_1_CD45_CD8_8__S303_comb	-9.485803	4.418097	-8.774165	6.000000
CY94_CD45NEG_CD90POS_2_D05_S41_comb	-3.589059	3.394740	2.551984	3.000000
cy94_cd45neg_cd90pos_F04_S352_comb	0.199311	-6.458388	-2.633213	3.000000
cy78-CD45-neg-3-G03-S747-comb	6.420044	5.659142	14.845659	7.000000
CY94_CD45NEG_CD90POS_2_E08_S56_comb	-13.929867	-9.309762	14.548998	8.000000
CY89A_Core_15_A05_S5_comb	-6.057669	-7.991402	1.621707	1.000000
CY89COREQ1_E05_S341_comb	-3.067424	-20.706932	7.756763	1.000000
Cy80_II_CD45_F08_S932_comb	0.260404	-12.230069	-1.062270	3.000000
cy79-p5-CD45-pos-PD1-pos-A03-S579-comb	-10.355887	12.818568	-3.384969	6.000000
CY65_POS_F_AGTGTCTT_TGTTCCGA	-34.289197	-3.747945	-16.297677	6.000000
cy60_1_cd_45_pos_HC_pos_HLDAR_pos_F05_S1025_comb	-0.614768	-10.745398	1.127537	1.000000
cy79-p1-CD45-pos-PD1-pos-AS-C5-R1-G11-S275-comb	-5.055449	-2.056342	6.998476	6.000000
cy80-Cd45-pos-Pd1-neg-S366-H06-S366-comb	-4.698526	-16.054903	1.772189	1.000000
Cy71_CD45_E04_S532_comb	-24.424540	5.628256	7.917414	6.000000
cy79-p3-CD45-neg-PD1-pos-AS-C3-R1-H11-S383-comb	11.733035	2.855519	6.205820	7.000000
cy74-CD45-pos-A09-S681-comb	-3.029321	0.676183	0.620328	6.000000
cy79-p3-CD45-pos-PD1-pos-AS-C2-R1-E06-S438-comb	-28.399281	2.505129	1.887353	6.000000
cy79-p1-CD45-neg-PDL1-neg-AS-C4-R1-A08-S104-comb	13.830182	5.699204	-1.997281	7.000000
cy72-CD45-pos-E11-S923-comb	-11.701465	-8.516355	4.989291	6.000000
cy58-1-CD45-pos-C08-S608-comb	3.422416	-3.716582	-6.210686	4.000000
CY80-neg-F06-S66-comb	15.396156	-10.470158	-0.090491	7.000000
cy58-1-CD45-pos-B07-S595-comb	-5.314739	-2.358546	0.777814	6.000000
cy79-p4-CD45-neg-PDL1-neg-D11-S1103-comb	7.044434	7.863887	-5.877507	7.000000
Cy71_CD45_F12_S552_comb	-15.717064	11.942009	16.443068	6.000000
CY94CD45POS_1_E02_S146_comb	-1.682357	-20.474270	1.532447	8.000000
cy80-Cd45-pos-PD1-pos-B09-S45-comb	-22.602103	10.072189	-16.520768	6.000000
cy58-1-CD45-pos-B12-S600-comb	-7.689798	3.554770	-5.587756	6.000000
Cy71_CD45_A10_S490_comb	9.507341	6.883582	22.699905	7.000000
monika_A11_S99_comb	-25.836907	15.586830	-0.238511	6.000000
cy79-p4-CD45-pos-PD1-pos-H05-S377-comb	-8.731933	-8.621537	-10.913162	6.000000
CY89A_Core_15_F04_S64_comb	1.429905	-5.605558	-11.565428	1.000000
cy80-CD45-pos-PD1-pos-D12-S144-comb	-9.467778	6.371162	-2.413367	6.000000
CY89FNA_F08_S260_comb	-5.905168	4.583659	-3.282072	8.000000
CY89A_Core_15_D09_S45_comb	-0.922875	5.588032	2.705480	6.000000
Cy72_CD45_E03_S723_comb	-29.614121	18.529403	18.347072	6.000000
Cy67-CD45pos-S2-B9_S21	-12.271116	24.442142	10.559401	6.000000
cy79-p1-CD45-pos-PD1-neg-AS-C1-R2-C08-S512-comb	-0.942700	-14.528852	5.569125	1.000000
cy79-p5-CD45-neg-PDL1-pos-B02-S686-comb	19.771301	9.043546	-14.664317	7.000000
cy79-p4-CD45-neg-PDL1-pos-F08-S452-comb	10.111844	12.814946	-0.575568	7.000000
cy60_1_cd_45_pos_3_D11_S335_comb	-5.067185	-1.608850	19.409183	6.000000
Cy74_CD45_H03_S471_comb	4.589527	-7.242576	0.469513	6.000000
cy94_cd45pos_B02_S110_comb	-2.696436	-2.907217	-53.860898	8.000000
monika_F6_S149_comb	-6.739423	17.769953	4.488396	6.000000
CY88CD45POS_7_G04_S268_comb	1.773406	-1.699282	1.166743	4.000000
cy72-CD45-pos-D01-S901-comb	-6.308912	-4.363864	-25.781110	6.000000
CY89A_Core_15_G01_S73_comb	-16.456892	14.712446	7.077801	6.000000
cy79-p5-CD45-neg-PDL1-neg-F05-S833-comb	5.859437	4.028313	-7.081539	7.000000
CY89A_CD45_POS_4_G12_S468_comb	14.423908	-8.385926	-25.842911	8.000000
cy60_1_cd_45_pos_3_F11_S359_comb	-0.023491	0.545572	3.330548	6.000000
CY67_NEG_A_CAAGGCGA_TCTGGCGA	-14.788122	-3.131084	3.144888	6.000000
cy79-p3-CD45-pos-PD1-neg-G05-S173-comb	0.548479	-32.265305	4.161603	1.000000
CY89FNA_G03_S267_comb	5.024277	-21.027652	-4.360090	1.000000
CY75_1_CD45_CD8_8__S355_comb	-16.112227	0.660884	-6.626561	6.000000
cy84_Primary_CD45_pos_E06_S438_comb	16.397292	-23.385451	16.636713	1.000000
cy82-CD45-pos-3-C08-S32-comb	2.115221	0.036647	2.503683	8.000000
cy72-CD45-pos-F03-S927-comb	-12.786039	-14.204746	6.157240	6.000000
cy80-Cd45-pos-Pd1-neg-S265-D01-S265-comb	-6.920008	-5.168704	0.843984	6.000000
CY75_1_CD45_CD8_7__S200_comb	-13.650941	1.490068	-2.503659	6.000000
CY94CD45POS_1_F12_S168_comb	-22.893234	-22.983524	2.249182	8.000000
Cy80_II_CD45_C02_S890_comb	17.811533	-3.434628	-10.763435	7.000000
cy79-p5-CD45-pos-PD1-pos-G04-S652-comb	-16.500878	8.401908	-1.206860	6.000000
cy60_1_cd_45_pos_3_A04_S292_comb	-0.593322	-9.258685	4.497573	1.000000
CY89A_Core_15_A09_S9_comb	-5.960724	-5.323654	1.723770	1.000000
CY94CD45POS_1_C05_S125_comb	13.429527	-37.497206	-7.624264	1.000000
CY75_1_CD45_CD8_3__S161_comb	-5.179214	2.897676	-0.260236	6.000000
CY88CD45POS_7_H03_S279_comb	-7.623446	2.027157	7.912501	6.000000
cy80-Cd45-pos-PD1-pos-S190-H10-S190-comb	1.634225	1.726414	-0.558750	6.000000
cy79-p3-CD45-neg-PD1-pos-AS-C3-R1-B12-S312-comb	12.748925	-1.310240	-1.084212	7.000000
cy79-p5-CD45-neg-PDL1-pos-B08-S692-comb	26.455542	6.173065	-1.144652	7.000000
cy81-FNA-CD45-neg-G09-S1041-comb	5.066082	1.456385	0.994208	7.000000
cy79-p4-CD45-neg-PDL1-neg-B01-S1069-comb	6.012321	4.367009	-4.102329	7.000000
cy79-p1-CD45-neg-PDL1-neg-AS-C4-R1-B09-S117-comb	11.877645	-0.012473	4.352990	7.000000
cy80-Cd45-pos-PD1-pos-B12-S48-comb	-17.126468	-0.668814	-20.362208	6.000000
Cy71_CD45_H03_S567_comb	5.525728	-2.182258	8.899098	6.000000
CY89A_CD45_POS_4_F03_S447_comb	-17.912909	-5.923601	21.150236	6.000000
Cy71_CD45_F04_S544_comb	-13.872298	7.091677	2.343672	6.000000
cy94_cd45neg_cd90pos_D07_S331_comb	-3.075497	-1.841969	1.092839	2.000000
cy88_cd_45_pos_C01_S409_comb	0.533541	-8.183685	-1.227515	4.000000
cy60_1_cd_45_pos_3_A08_S296_comb	18.965208	-30.957101	-1.107408	1.000000
CY88CD45POS_2_G04_S460_comb	5.443710	17.217905	7.912155	6.000000
cy80-CD45-pos-PD1-pos-F09-S165-comb	-8.284204	-1.009534	6.350904	6.000000
cy60_1_cd_45_pos_4_E10_S58_comb	10.146352	-25.901250	-4.901890	1.000000
cy80_cd_90_neg_H12_S192_comb	19.869673	-8.602851	18.147365	8.000000
cy79-p5-CD45-neg-PDL1-neg-G03-S843-comb	14.119245	0.406164	-1.785440	7.000000
CY89FNAQ2_G05_S461_comb	24.362622	13.229397	-0.972740	7.000000
cy80-CD45-pos-PD1-pos-H10-S190-comb	-7.136468	-21.258741	13.119333	1.000000
Cy67-CD45pos-S2-C11_S35	-7.759942	-13.206178	-16.097647	1.000000
Cy81_FNA_CD45_A10_S202_comb	-7.562646	7.221709	2.580031	6.000000
cy81-FNA-CD45-neg-H10-S1054-comb	5.682858	1.792753	-0.048912	7.000000
cy80-CD45-neg-B06-S402-comb	-17.815262	-8.943113	-2.000457	6.000000
CY88CD45POS_7_C03_S219_comb	7.916723	-32.845397	-0.807875	1.000000
cy94_cd45pos_F08_S164_comb	-9.673258	-11.334667	6.533718	6.000000
cy94_cd45neg_cd90pos_A07_S295_comb	-6.548824	-4.723262	1.848951	2.000000
cy84-Primary-CD45-neg-G03-S1035-comb	3.639911	0.725564	0.380009	2.000000
cy72-CD45-pos-D07-S907-comb	5.510424	-4.248334	15.210414	6.000000
CY80-neg-B03-S15-comb	18.650882	-15.579380	8.025105	7.000000
cy79-p5-CD45-pos-PD1-pos-C07-S607-comb	-7.078422	14.580198	19.444878	6.000000
cy94_cd45pos_D05_S137_comb	2.161945	-5.583125	11.710371	6.000000
cy79-p3-CD45-neg-PD1-pos-AS-C3-R1-F09-S357-comb	10.346140	-0.847022	0.332317	7.000000
cy60_1_cd_45_pos_HC_pos_HLDAR_pos_E04_S1012_comb	1.222504	-3.619339	0.574234	1.000000
cy79-p3-CD45-pos-PD1-neg-C07-S127-comb	-26.939718	-5.252310	4.537726	1.000000
Cy74_CD45_G11_S467_comb	-4.702694	0.957287	3.148209	8.000000
cy81-FNA-CD45-neg-C09-S993-comb	7.671968	-4.642664	-12.634358	7.000000
CY75_1_CD45_CD8_8__S350_comb	-18.808262	3.395734	-6.089136	6.000000
cy53-1-CD45-neg-B04-S304-comb	6.812304	0.889134	-0.233142	2.000000
CY75_1_CD45_CD8_1__S55_comb	2.276665	17.051400	-2.613830	6.000000
Cy80_II_CD45_C08_S896_comb	7.979854	6.115527	-2.578890	7.000000
CY88_3_G07_S655_comb	22.334639	8.373788	-4.348452	7.000000
cy79-p3-CD45-neg-PD1-pos-AS-C3-R1-D12-S336-comb	14.058962	3.626854	-4.169726	7.000000
CY88CD45POS_7_B05_S209_comb	-9.958059	-9.201486	-0.114008	6.000000
cy79-p5-CD45-neg-PDL1-neg-G09-S849-comb	10.422058	1.726820	-3.194344	7.000000
cy80-CD45-pos-PD1-pos-G01-S169-comb	-8.394451	-3.205498	-8.572737	6.000000
CY89NEG_E06_S54_comb	17.246755	9.401680	-3.828212	7.000000
CY75_1_CD45_CD8_7__S265_comb	-1.288244	-3.178498	-1.115978	6.000000
CY88CD45_150813_E08_S344_comb	-1.266909	-6.021664	6.057008	6.000000
cy79-p5-CD45-neg-PDL1-neg-A08-S776-comb	9.917840	1.277330	1.286136	7.000000
CY94CD45POS_1_B03_S111_comb	-14.649169	-18.659008	-32.597622	6.000000
CY75_1FNA_E12_S540_comb	2.155718	-2.079889	3.291208	6.000000
cy80-CD45-neg-H03-S471-comb	-13.872833	30.296450	2.511742	6.000000
CY89A_Core_15_E04_S52_comb	13.109884	-20.455443	6.944586	1.000000
cy79-p1-CD45-neg-PDL1-pos-AS-C1-R1-G06-S78-comb	11.709428	2.484951	-4.324825	7.000000
cy84-Met-CD45-pos-B05-S881-comb	-6.936972	11.870339	-1.079417	6.000000
cy79-p4-CD45-neg-PDL1-neg-A12-S1068-comb	22.138453	4.017662	-7.215400	7.000000
CY80-neg-G10-S82-comb	17.393689	-4.850366	-0.599127	7.000000
cy80_cd_90_neg_C03_S123_comb	-18.545763	-60.747476	6.836501	8.000000
cy79-p1-CD45-neg-PDL1-pos-AS-C1-R1-F07-S67-comb	11.371209	2.569693	-1.719140	7.000000
cy79-p4-CD45-neg-PDL1-pos-B03-S399-comb	7.204013	8.348203	-19.173715	7.000000
CY89CORE11_B04_S112_comb	19.790892	15.834415	3.260914	7.000000
CY88_3_A07_S583_comb	22.258076	-2.459858	-14.126941	7.000000
Cy81_Bulk_CD45_F08_S164_comb	20.194299	2.947152	-17.826678	8.000000
cy94_cd45neg_cd90pos_E08_S344_comb	11.348922	18.184287	3.671034	7.000000
cy79-p3-CD45-neg-PDL1-neg-B06-S210-comb	14.324515	2.714876	-11.104844	7.000000
cy79-p4-CD45-pos-PD1-pos-D10-S334-comb	-9.016544	8.983025	1.497719	6.000000
cy80-Cd45-pos-PD1-pos-A08-S20-comb	-6.036664	3.647058	1.842850	6.000000
Cy59_32	15.173495	19.662026	-18.348609	7.000000
cy53-1-CD45-neg-G03-S363-comb	35.444960	20.109241	-3.564861	7.000000
CY88_5_B06_S690_comb	13.641586	7.137396	-11.503618	7.000000
Cy67-CD45pos-S2-C3_S27	-7.508324	-3.755015	3.144590	6.000000
cy79-p3-CD45-neg-PD1-pos-AS-C3-R1-G11-S371-comb	13.932055	2.082808	-2.696318	7.000000
Cy74_CD45_H06_S474_comb	2.100389	12.441722	3.089878	6.000000
cy79-p4-CD45-pos-PD1-pos-E08-S344-comb	-7.428750	5.916764	-5.163564	6.000000
cy80-CD45-pos-PD1-pos-A07-S103-comb	2.671936	3.315837	23.865679	6.000000
CY88_5_E10_S730_comb	32.029863	14.506181	6.691677	7.000000
CY58_1_CD45_H12_S1056_comb	-1.025724	10.527759	11.252128	6.000000
cy79-p3-CD45-neg-PDL1-neg-E12-S252-comb	23.209929	4.779646	5.525749	7.000000
cy80-CD45-pos-PD1-pos-D05-S137-comb	-5.716428	-3.481555	-16.388686	6.000000
CY58_1_CD45_G12_S1044_comb	0.741150	4.645756	17.327916	8.000000
cy80-Cd45-pos-Pd1-neg-S200-A08-S200-comb	-9.307774	-23.509607	-19.381677	1.000000
cy60_1_cd_45_pos_HC_pos_HLDAR_pos_E02_S1010_comb	13.755161	-29.368424	-15.339907	1.000000
cy79-p1-CD45-neg-PDL1-pos-AS-C1-R1-A07-S7-comb	11.779250	2.046919	-1.120184	7.000000
monika_B10_S109_comb	-28.913403	9.298866	-0.959852	6.000000
CY84_PRIM_POS_All_7_F12_S264_comb	-2.663984	2.772968	2.125628	4.000000
CY58_1_CD45_D01_S997_comb	-9.473820	3.835833	-4.481644	5.000000
Cy74_CD45_G10_S466_comb	-2.179136	-0.432277	2.396722	6.000000
cy74-CD45-pos-E11-S731-comb	-23.621228	15.280932	11.702546	6.000000
cy60_1_cd_45_neg_1_D11_S239_comb	23.735954	11.262481	6.287513	7.000000
cy79-p4-CD45-pos-PD1-pos-D08-S332-comb	-17.974903	19.422374	-9.995681	6.000000
cy79-p3-CD45-pos-PD1-pos-AS-C2-R1-F11-S455-comb	-6.999459	-11.816833	9.938729	6.000000
cy53-1-CD45-pos-1-F12-S72-comb	-11.599975	5.569454	-2.913654	6.000000
Cy80_II_CD45_A08_S872_comb	-5.957327	-10.737758	3.528714	3.000000
CY94CD45POS_1_B04_S112_comb	-22.830970	2.799604	-18.660969	6.000000
cy78-CD45-neg-3-E05-S725-comb	2.479190	14.627698	-19.518333	7.000000
cy94_cd45neg_cd90pos_D08_S332_comb	-3.293518	2.798972	2.367391	8.000000
cy79-p1-CD45-pos-PD1-pos-AS-C5-R1-G01-S265-comb	-27.968386	13.447033	-23.837577	6.000000
cy79-p1-CD45-neg-PDL1-pos-AS-C1-R1-D10-S46-comb	10.032686	3.814138	-2.468461	7.000000
Cy74_CD45_D08_S428_comb	3.767145	-9.174617	9.756326	1.000000
CY94CD45POS_1_B12_S120_comb	-4.399373	-21.010457	23.680812	8.000000
cy74-CD45-pos-C03-S699-comb	-8.502465	22.698817	-15.697124	6.000000
cy79-p1-CD45-pos-PD1-neg-AS-C1-R2-C05-S509-comb	-13.863671	-33.991839	-9.196485	1.000000
CY65_NEG_E_AGAACATT_ACTGTATC	-4.908478	6.850158	-3.442358	6.000000
cy79-p3-CD45-pos-PD1-pos-AS-C2-R1-E07-S439-comb	-11.951770	7.995708	-1.474541	6.000000
CY89A_CD45_POS_6_F09_S165_comb	-15.380769	7.191901	6.747189	6.000000
cy78-CD45-neg-1-D07-S523-comb	28.237962	2.783112	-26.859853	7.000000
cy80-Cd45-pos-Pd1-neg-S196-A04-S196-comb	-2.275400	8.974610	15.866012	6.000000
cy79-p3-CD45-neg-PDL1-neg-C12-S228-comb	6.939593	1.954551	-9.505904	7.000000
cy79-p1-CD45-neg-PDL1-neg-AS-C4-R1-H07-S187-comb	9.370463	10.610490	-5.214529	7.000000
cy94_cd45neg_cd90pos_B12_S312_comb	-0.338301	-21.050492	-5.126489	1.000000
cy79-p4-CD45-neg-PDL1-neg-H04-S1144-comb	17.727444	1.811685	12.014936	7.000000
CY58_1_CD45_F05_S1025_comb	-25.106002	10.070590	-6.290277	6.000000
cy82-CD45-pos-1-A07-S487-comb	-8.580911	-4.431181	4.837284	6.000000
CY58_1_CD45_A11_S971_comb	-8.747685	8.791791	-1.349274	8.000000
CY75_1_CD45_CD8_8__S319_comb	-12.294591	7.650645	-9.456663	6.000000
CY89A_CD45_POS_6_H10_S190_comb	4.891745	-3.610782	3.450116	4.000000
Cy74_CD45_G06_S462_comb	-6.803441	5.710503	3.663926	6.000000
Cy80_II_CD45_E01_S913_comb	29.868348	-1.924991	-13.617525	7.000000
cy60_1_cd_45_neg_3_H06_S570_comb	4.447444	-12.247946	-0.350810	7.000000
cy79-p5-CD45-neg-PDL1-pos-G02-S746-comb	13.767624	3.478639	3.900803	7.000000
cy82-CD45-neg-3-H02-S854-comb	8.586265	-13.273448	-1.435234	8.000000
CY89NEG_C10_S34_comb	15.131140	8.306361	-0.941302	7.000000
cy79-p1-CD45-pos-PD1-neg-AS-C1-R2-E02-S530-comb	-3.222259	-16.361746	-6.990047	1.000000
cy79-p3-CD45-pos-PD1-pos-AS-C2-R1-D08-S428-comb	-9.613372	0.172319	4.098526	6.000000
Cy81_FNA_CD45_C02_S218_comb	-33.786863	9.131343	-8.279959	6.000000
cy79-p4-CD45-neg-PDL1-neg-E01-S1105-comb	8.300030	18.179861	-6.897470	7.000000
cy79-p3-CD45-neg-PD1-pos-AS-C3-R1-H02-S374-comb	6.457292	6.645021	-10.118849	7.000000
cy79-p5-CD45-neg-PDL1-neg-D02-S806-comb	6.313566	2.306940	-2.057780	7.000000
cy79-p4-CD45-neg-PDL1-neg-D08-S1100-comb	16.999599	-1.499311	-2.342115	7.000000
cy53-1-CD45-pos-2-G02-S1034-comb	-10.665590	-3.940257	7.868312	6.000000
cy60_1_cd_45_pos_3_F10_S358_comb	2.637503	-0.476182	-0.008124	1.000000
Cy74_CD45_F08_S452_comb	-14.311675	2.466936	-0.211871	6.000000
Cy67-CD45pos-S2-E8_S56	-18.855811	-11.877713	11.915002	8.000000
SS2_F6_S185_comb	-19.908555	10.199754	11.923474	6.000000
cy60_1_cd_45_pos_3_B05_S305_comb	-5.993850	8.848773	-0.084918	6.000000
CY75_1_CD45_CD8_7__S221_comb	-11.072272	3.011751	-6.634127	6.000000
CY65_POS_G_CAAGGCGA_ACAGGTAT	-8.299922	-6.685118	5.557777	6.000000
cy74-CD45-pos-C06-S702-comb	-5.342287	5.989652	1.454329	6.000000
CY89CORE11_E04_S148_comb	5.939017	0.866247	4.122902	7.000000
cy78-CD45-neg-1-A11-S491-comb	24.654814	-2.115838	13.705070	7.000000
monika_B1_S108_comb	-11.148290	-1.731207	12.050913	6.000000
CY89NEG_G08_S80_comb	8.531410	5.114243	7.167726	7.000000
monika_E10_S135_comb	-3.896084	23.220671	9.870721	6.000000
cy80-Cd45-pos-PD1-pos-D08-S92-comb	-9.012185	9.300941	-5.470065	6.000000
cy79-p3-CD45-pos-PD1-pos-AS-C2-R1-E08-S440-comb	0.730238	-5.020559	-20.182953	6.000000
cy88_cd_45_pos_3_F02_S638_comb	4.622704	-7.054472	-1.996717	4.000000
Cy67-CD45pos-S2-E1_S49	17.669829	-18.003078	-17.297902	6.000000
CY84_PRIM_POS_All_7_E07_S247_comb	-4.675981	11.909959	7.585779	5.000000
monika_C12_S120_comb	-25.872553	1.965888	15.147277	6.000000
cy94_cd45pos_4_B06_S18_comb	-4.554119	-6.682263	0.780012	8.000000
cy79-p1-CD45-pos-PD1-neg-AS-C1-R2-E12-S540-comb	-4.600041	-12.268892	-21.825056	1.000000
cy78-CD45-neg-1-B08-S500-comb	22.378430	20.361927	-6.522242	7.000000
CY75_1_CD45_CD8_7__S256_comb	-11.542468	14.582322	12.807244	6.000000
cy79-p1-CD45-pos-PD1-neg-AS-C1-R2-G02-S554-comb	-6.923658	-6.551344	2.911521	1.000000
cy80-CD45-neg-A09-S393-comb	-13.378262	10.672127	7.862359	6.000000
cy80-Cd45-pos-PD1-pos-S135-F03-S135-comb	0.897229	6.251137	8.433206	6.000000
CY75_1_CD45_CD8_3__S97_comb	-6.918209	2.267269	-15.494777	6.000000
Cy67-CD45pos-S2-D3_S39	1.791892	-1.181205	11.580776	6.000000
CY88CD45_150813_D09_S333_comb	14.817034	-23.047194	-1.417163	1.000000
Cy59_5	36.206090	-6.719267	30.893204	7.000000
cy79-p3-CD45-neg-PDL1-neg-B03-S207-comb	12.759464	10.970193	-3.568310	7.000000
cy79-p4-CD45-pos-PD1-pos-G10-S370-comb	-11.432697	18.026833	-0.576477	6.000000
CY58_1_CD45_D07_S1003_comb	-0.421237	7.526080	5.015584	6.000000
CY89A_Core_15_F08_S68_comb	0.216477	3.218492	1.187426	6.000000
cy80-Cd45-pos-PD1-pos-A11-S23-comb	-22.881191	16.515140	-5.805032	6.000000
cy79-p4-CD45-pos-PD1-pos-B01-S301-comb	-15.227244	22.146430	-2.840346	6.000000
cy79-p5-CD45-neg-PDL1-pos-C12-S708-comb	19.158173	6.437811	-10.180095	7.000000
CY94_CD45NEG_CD90POS_2_G09_S81_comb	33.397149	8.513379	14.026605	7.000000
cy79-p3-CD45-pos-PD1-pos-AS-C2-R1-F09-S453-comb	-8.463657	5.322742	5.000311	6.000000
cy79-p4-CD45-pos-PD1-pos-D09-S333-comb	3.294735	3.831469	-0.047114	6.000000
cy60_1_cd_45_pos_HC_pos_HLDAR_pos_G02_S1034_comb	7.905880	-6.777084	-3.714190	8.000000
cy80-CD45-neg-H01-S469-comb	-3.497720	-12.698940	3.314056	8.000000
CY94CD45POS_1_D05_S137_comb	-8.365789	-8.673644	-3.025780	8.000000
CY75_1_CD45_CD8_8__S335_comb	-13.569304	-5.255707	12.254336	6.000000
Cy74_CD45_C04_S412_comb	-23.865802	15.373102	-11.890541	6.000000
CY75_1_CD45_CD8_8__S292_comb	-7.493633	2.783249	-2.471304	6.000000
CY94_CD45NEG_CD90POS_2_F12_S72_comb	-2.718220	3.744529	3.799286	8.000000
cy79-p3-CD45-pos-PD1-pos-AS-C2-R1-F12-S456-comb	-20.719978	-1.074683	-9.084750	6.000000
cy94_cd45pos_4_E07_S55_comb	-1.597550	-4.378523	-8.411579	6.000000
CY88CD45POS_2_G05_S461_comb	-15.255312	-5.835263	-16.174428	1.000000
Cy74_CD45_H11_S479_comb	-6.186365	17.514014	11.255307	6.000000
CY75_1_CD45_CD8_7__S210_comb	-7.703941	9.772437	0.682027	6.000000
CY88CD45POS_2_D05_S425_comb	-19.763158	-13.761684	-8.918845	8.000000
cy79-p4-CD45-neg-PDL1-pos-B07-S403-comb	9.803730	0.399828	-12.710292	7.000000
cy79-p1-CD45-neg-PDL1-neg-AS-C4-R1-C11-S131-comb	11.429883	-1.441302	-6.158770	7.000000
Cy74_CD45_C08_S416_comb	-7.764004	11.284714	10.681055	6.000000
Cy72_CD45_C05_S701_comb	7.961109	-5.618979	10.969623	6.000000
cy84_Primary_CD45_pos_C08_S416_comb	0.726281	1.152604	1.417155	4.000000
Cy59_40	27.850513	-0.418935	20.370785	7.000000
CY89A_Core_15_H12_S96_comb	-20.054778	-5.771114	-33.541264	6.000000
cy78-CD45-neg-3-F08-S740-comb	17.744313	22.088489	5.932193	7.000000
cy82-CD45-pos-1-E08-S536-comb	16.613521	18.320407	-0.893532	7.000000
cy79-p1-CD45-neg-PDL1-neg-AS-C4-R1-D08-S140-comb	13.253702	3.599831	-2.591566	7.000000
CY88_3_D02_S614_comb	15.407751	-16.877161	-0.076627	7.000000
cy79-p1-CD45-neg-PDL1-neg-AS-C4-R1-C09-S129-comb	13.723338	3.271500	-1.019524	7.000000
Cy67-CD45pos-S2-C9_S33	-5.585093	21.686597	24.859363	8.000000
cy78-CD45-neg-3-G07-S751-comb	24.956165	10.231881	18.281217	7.000000
cy79-p4-CD45-neg-PDL1-neg-F03-S1119-comb	20.514046	2.939797	-2.989039	7.000000
CY89A_CD45_POS_10_B02_S206_comb	-22.418796	-11.626168	17.684260	6.000000
cy94_cd45neg_cd90pos_E02_S338_comb	0.200747	-14.171337	-3.859806	1.000000
CY88_5_H03_S759_comb	21.013164	0.671073	3.528256	7.000000
CY89A_CD45_POS_6_D11_S143_comb	1.295265	-8.624109	-7.887884	4.000000
CY88_5_H07_S763_comb	28.178672	-9.562392	3.755436	7.000000
CY89COREQ1_A07_S295_comb	-6.032458	10.677443	3.781080	6.000000
CY88_5_F06_S738_comb	9.512236	10.531716	-9.995019	7.000000
cy84_Primary_CD45_pos_A12_S396_comb	-6.626282	-12.686316	-3.886009	1.000000
cy78-CD45-neg-1-G05-S557-comb	25.367004	10.699054	-21.210585	7.000000
CY75_1_CD45_CD8_1__S11_comb	-9.097603	7.227471	0.815917	6.000000
SS2_G12_S189_comb	-1.887152	1.824168	12.911398	6.000000
cy78-CD45-neg-3-C03-S699-comb	8.953741	1.858701	-24.251507	7.000000
cy74-CD45-pos-B03-S687-comb	-0.905894	-1.818837	-14.073979	6.000000
CY84_PRIM_POS_All_7_B06_S210_comb	-5.328941	-2.281364	4.622365	5.000000
Cy80_II_CD45_G10_S946_comb	1.546278	-11.612007	-4.096874	3.000000
CY75_1_CD45_CD8_7__S242_comb	-6.706338	-2.897528	2.445287	6.000000
cy81-FNA-CD45-neg-G03-S1035-comb	32.011001	7.925998	-13.984905	7.000000
cy81-Bulk-CD45-neg-G07-S175-comb	32.496556	1.938974	-5.669773	7.000000
cy58-1-CD45-pos-C02-S602-comb	-7.245571	-3.673083	1.300791	6.000000
cy80-CD45-neg-D01-S901-comb	17.799839	10.418126	5.632287	7.000000
Cy74_CD45_B10_S406_comb	-0.740083	17.317913	1.420651	6.000000
CY88CD45POS_7_E09_S249_comb	2.559780	3.006201	-2.467688	4.000000
Cy71_CD45_C04_S508_comb	17.442897	16.646101	18.247659	7.000000
cy79-p1-CD45-pos-PD1-neg-AS-C1-R2-D07-S523-comb	-5.209200	-5.956506	3.102240	1.000000
cy58-1-CD45-pos-B09-S597-comb	-6.429058	-3.478717	0.213752	6.000000
cy60_1_cd_45_pos_3_H04_S376_comb	6.028799	-9.873993	14.610879	6.000000
cy80-CD45-neg-A11-S395-comb	-6.511714	-3.716012	5.605851	6.000000
cy79-p4-CD45-neg-PDL1-pos-C05-S413-comb	8.724889	1.581151	-0.328979	7.000000
CY89A_CD45_POS_4_G11_S467_comb	-6.883554	7.590339	6.358227	6.000000
cy72-CD45-pos-G04-S940-comb	-18.394379	-25.967593	-14.563929	1.000000
CY88_3_E11_S635_comb	15.116750	3.183033	8.467331	7.000000
cy58-1-CD45-pos-H11-S671-comb	-3.983560	2.900616	-7.181721	8.000000
cy78-CD45-neg-3-A03-S675-comb	33.164033	-6.059248	-1.412674	7.000000
Cy72_CD45_E05_S725_comb	-5.546373	-3.826857	3.110038	6.000000
cy79-p5-CD45-neg-PDL1-neg-F11-S839-comb	9.357942	1.715603	-1.470907	7.000000
cy79-p5-CD45-neg-PDL1-neg-F02-S830-comb	16.194452	2.591307	-7.005147	7.000000
CY84_PRIM_POS_All_7_E03_S243_comb	2.859795	-12.217710	-1.887945	8.000000
cy72-CD45-pos-E01-S913-comb	-1.505742	-7.051224	8.970002	8.000000
Cy59_16	5.844021	0.034112	0.891984	2.000000
cy79-p4-CD45-neg-PDL1-pos-B01-S397-comb	7.660989	9.095624	-1.973010	7.000000
cy81-FNA-CD45-neg-D03-S999-comb	6.973118	-7.404649	-20.508508	7.000000
cy58-1-CD45-pos-E07-S631-comb	1.281510	-1.535131	5.696936	6.000000
Cy71_CD45_G02_S554_comb	13.468491	-1.202474	8.859914	7.000000
cy72-CD45-pos-B08-S884-comb	1.676728	2.782731	-13.277625	6.000000
cy79-p4-CD45-pos-PD1-pos-A04-S292-comb	-12.812326	20.533278	4.451236	6.000000
cy79-p3-CD45-pos-PD1-neg-G12-S180-comb	-1.499980	-17.130128	-1.816344	1.000000
CY88CD45POS_7_D02_S230_comb	6.620193	15.515470	1.532420	6.000000
SS2_G2_S190_comb	-11.751190	13.948416	-8.906405	6.000000
cy79-p1-CD45-pos-PD1-neg-AS-C1-R2-C02-S506-comb	-24.970265	-9.958090	-2.383961	6.000000
cy79-p3-CD45-pos-PD1-pos-AS-C2-R1-G10-S466-comb	-4.848794	8.628353	-9.674233	6.000000
Cy74_CD45_H09_S477_comb	5.607211	0.411241	17.925413	6.000000
CY65_POS_G_CAAGGCGA_ACACGATC	-34.364138	23.624187	-13.356814	6.000000
monika_C11_S119_comb	-8.193168	14.294831	-14.249756	6.000000
cy82-CD45-pos-2-D12-S528-comb	14.445861	-0.756774	-4.273650	7.000000
cy53-1-CD45-neg-D05-S329-comb	23.947137	11.356141	28.242806	7.000000
Cy81_FNA_CD45_E05_S341_comb	6.761230	-4.956796	5.558830	7.000000
cy84-Met-CD45-pos-B08-S884-comb	1.371946	-16.793103	-2.923958	6.000000
Cy59_61	8.347456	-4.198889	-30.060139	7.000000
cy53-1-CD45-pos-1-A08-S8-comb	-5.999133	2.187033	-4.968252	5.000000
cy82-CD45-pos-2-D04-S520-comb	-6.423400	-5.060560	1.346080	6.000000
cy79-p3-CD45-neg-PD1-pos-AS-C3-R1-G12-S372-comb	9.593129	-0.141403	-8.499195	7.000000
Cy67-CD45pos-S2-G8_S80	-15.385539	21.945734	-19.151252	6.000000
cy80-Cd45-pos-PD1-pos-A09-S21-comb	-0.012319	11.284760	22.768584	6.000000
cy53-1-CD45-pos-2-H05-S1049-comb	-5.135029	1.626160	0.731463	4.000000
cy60_1_cd_45_pos_HC_pos_HLDAR_pos_B02_S974_comb	-0.170505	-19.694905	-19.310714	1.000000
cy79-p5-CD45-neg-PDL1-neg-B07-S787-comb	9.609355	3.319135	-0.203867	7.000000
cy80-CD45-pos-PD1-pos-H01-S181-comb	-15.231522	6.673194	-6.136788	5.000000
cy74-CD45-pos-F12-S744-comb	-6.367974	-0.658132	2.054842	6.000000
cy79-p1-CD45-neg-PDL1-neg-AS-C4-R1-F07-S163-comb	12.325478	1.104411	-1.885744	7.000000
CY89A_CD45_POS_4_E09_S441_comb	-23.482288	-4.942787	11.836212	6.000000
SS2_C8_S167_comb	-17.884334	-3.283555	13.471221	6.000000
Cy59_89	44.235225	-10.237306	9.283960	7.000000
cy74-CD45-pos-D06-S714-comb	-5.359465	0.544992	-8.472669	6.000000
CY88_3_G01_S649_comb	39.790752	-0.188366	-12.270367	7.000000
CY80-neg-B01-S13-comb	10.875871	-9.926944	-7.628699	7.000000
cy79-p1-CD45-neg-PDL1-neg-AS-C4-R1-D01-S133-comb	11.180859	0.652558	-1.142528	7.000000
cy79-p5-CD45-pos-PD1-pos-D06-S618-comb	-11.295386	12.300905	0.211340	6.000000
CY94CD45POS_1_A06_S102_comb	2.560948	-20.192031	6.580513	1.000000
cy79-p1-CD45-neg-PDL1-neg-AS-C4-R1-F01-S157-comb	6.469521	13.306649	-2.929532	7.000000
cy94_cd45neg_cd90pos_A01_S289_comb	-1.576185	5.517673	-10.283321	3.000000
cy79-p1-CD45-neg-PDL1-pos-AS-C1-R1-B02-S14-comb	9.032571	2.592809	-2.486989	7.000000
cy80-CD45-pos-PD1-pos-D11-S143-comb	6.853372	-15.559943	0.014088	8.000000
cy94_cd45pos_F04_S160_comb	-11.952045	12.824015	-28.718903	6.000000
CY89A_CD45_POS_4_C03_S411_comb	1.802176	4.728201	34.423889	8.000000
CY75_1_CD45_CD8_8__S299_comb	-0.439207	16.821035	7.196107	6.000000
cy78-CD45-neg-1-C01-S505-comb	6.159176	1.884631	6.715142	7.000000
cy79-p3-CD45-neg-PDL1-neg-H04-S280-comb	12.386286	4.034313	-7.446212	7.000000
CY75_1_CD45_CD8_3__S123_comb	-7.550009	0.883608	-2.942090	6.000000
cy79-p3-CD45-neg-PDL1-neg-D09-S237-comb	11.104155	3.056273	-2.930267	7.000000
cy79-p5-CD45-neg-PDL1-neg-D08-S812-comb	11.820649	0.454141	-3.291975	7.000000
cy80-CD45-neg-D11-S911-comb	13.743426	3.116689	-15.833717	7.000000
cy79-p4-CD45-pos-PD1-pos-F05-S353-comb	-11.987823	14.101501	4.459703	6.000000
cy81-Bulk-CD45-neg-E11-S155-comb	17.980189	12.332444	12.041052	7.000000
cy79-p1-CD45-pos-PD1-pos-AS-C5-R1-B08-S212-comb	-9.850023	17.536993	-5.798410	6.000000
Cy80_II_CD45_F11_S935_comb	7.373100	5.845526	2.565197	7.000000
CY94CD45POS_1_D12_S144_comb	-19.463926	-4.412296	-0.846030	6.000000
cy94_cd45neg_cd90pos_A06_S294_comb	8.424552	12.531822	17.115364	8.000000
CY89NEG_F05_S65_comb	9.350016	3.600575	3.024441	7.000000
cy88_cd_45_pos_G07_S463_comb	5.336759	-11.569056	-2.590109	4.000000
Cy71_CD45_G05_S557_comb	17.004861	-1.179420	36.985576	7.000000
cy88_cd_45_pos_H11_S479_comb	-6.070867	4.607114	-0.099994	6.000000
CY88CD45_150813_A12_S300_comb	17.022062	1.018688	-1.200757	8.000000
CY89COREQ1_C07_S319_comb	-13.155159	-20.274309	5.523928	1.000000
cy72-CD45-pos-H06-S954-comb	2.510402	14.644423	15.579689	6.000000
Cy81_FNA_CD45_H09_S381_comb	12.363286	2.433136	0.326905	7.000000
SS2_G5_S191_comb	-13.664190	-6.060329	-9.255503	6.000000
cy60_1_cd_45_pos_HC_pos_HLDAR_pos_D01_S997_comb	0.414431	7.036716	-0.461550	6.000000
CY94CD45POS_1_F07_S163_comb	-3.751991	-18.662641	-13.158708	1.000000
CY89A_CD45_POS_6_C05_S125_comb	-1.324709	2.248683	1.369365	6.000000
cy80-CD45-neg-D08-S428-comb	-15.927915	-18.468101	16.370963	6.000000
cy79-p3-CD45-neg-PD1-pos-AS-C3-R1-G10-S370-comb	14.091242	6.853161	-4.499602	7.000000
Cy74_CD45_A04_S388_comb	-16.899206	-1.197712	-13.184946	6.000000
cy79-p3-CD45-pos-PD1-pos-AS-C2-R1-E05-S437-comb	-3.068911	-19.572353	-26.919426	6.000000
cy78-CD45-neg-1-D09-S525-comb	30.653271	-11.527744	-8.774737	7.000000
CY75_1FNA_G03_S555_comb	-0.932834	-2.094005	2.164046	6.000000
CY88CD45POS_2_D03_S423_comb	-21.450649	-13.849497	2.274733	6.000000
cy80-CD45-neg-E02-S914-comb	14.676318	-7.306864	-9.200055	7.000000
CY94_CD45NEG_CD90POS_2_H07_S91_comb	3.482938	-1.414356	-1.514472	2.000000
Cy67-CD45pos-S2-C6_S30	-11.586772	14.443999	26.141700	6.000000
CY89A_CD45_POS_10_G09_S273_comb	-11.798158	9.093854	11.601723	6.000000
cy53-1-CD45-pos-1-E08-S56-comb	-7.404264	7.762199	-2.895080	6.000000
CY89A_CD45_POS_6_F08_S164_comb	-8.523164	-4.954211	3.157568	6.000000
cy53-1-CD45-pos-2-E04-S1012-comb	-10.416883	-4.587310	-13.835546	6.000000
cy80-CD45-neg-E11-S443-comb	-11.912741	21.963410	-9.208717	6.000000
CY89A_Core_15_B10_S22_comb	9.874657	-17.011420	-13.872263	1.000000
Cy80_II_CD45_H07_S955_comb	20.831212	-7.519462	-8.548854	7.000000
Cy81_Bulk_CD45_E01_S145_comb	6.180902	-9.493996	-11.625531	7.000000
CY75_1_CD45_CD8_7__S257_comb	-17.131944	12.349770	-3.147291	6.000000
cy80-CD45-pos-PD1-pos-G09-S177-comb	-6.773617	-1.368381	4.077902	6.000000
cy80-Cd45-pos-Pd1-neg-S222-B06-S222-comb	14.283389	-30.926785	8.148954	1.000000
cy79-p1-CD45-neg-PDL1-neg-AS-C4-R1-D12-S144-comb	12.270528	2.039677	-2.891567	7.000000
Cy71_CD45_H01_S565_comb	9.173152	7.304346	0.728584	7.000000
cy74-CD45-pos-A10-S682-comb	-0.054179	3.650515	-1.156255	5.000000
cy58-1-CD45-pos-C11-S611-comb	2.899797	1.719455	4.506076	6.000000
cy79-p3-CD45-neg-PDL1-neg-F11-S263-comb	9.357449	-5.725082	3.388568	7.000000
cy60_1_cd_45_pos_3_G12_S372_comb	1.603143	1.147302	0.912501	4.000000
cy79-p1-CD45-pos-PD1-pos-AS-C5-R1-F08-S260-comb	-7.294610	3.659001	0.298024	6.000000
CY88_3_H03_S663_comb	-2.539681	19.972359	-19.536335	7.000000
cy80-Cd45-pos-PD1-pos-B04-S40-comb	-11.988694	4.775310	-15.931727	6.000000
CY89COREQ1_G08_S368_comb	1.421828	-9.171160	-4.058705	4.000000
Cy71_CD45_E01_S529_comb	-22.437460	4.140701	-4.921589	6.000000
cy80-CD45-pos-PD1-pos-F07-S163-comb	-9.310732	2.546678	3.424796	6.000000
cy58-1-CD45-pos-C04-S604-comb	-6.050929	2.788513	-1.464721	5.000000
cy80-Cd45-pos-PD1-pos-S168-G12-S168-comb	-10.760186	0.932175	-20.454166	6.000000
CY88_5_D11_S719_comb	21.536615	10.722389	-8.734095	7.000000
CY89A_CD45_POS_4_G05_S461_comb	-1.088492	-38.386861	-2.139035	1.000000
CY89CORE11_F06_S162_comb	10.574010	6.222258	4.147158	7.000000
Cy80_II_CD45_G07_S943_comb	25.341134	-1.660856	1.299138	7.000000
Cy74_CD45_E04_S436_comb	-31.507329	2.348297	-4.769791	6.000000
Cy80_II_CD45_H09_S957_comb	20.880895	-4.056493	1.699529	7.000000
cy58-1-CD45-pos-H04-S664-comb	-6.074695	-0.673960	-1.230219	6.000000
cy60_1_cd_45_pos_3_E05_S341_comb	-5.747779	-6.448511	1.778549	1.000000
cy58-1-CD45-pos-C12-S612-comb	-9.482201	1.177100	-0.858639	6.000000
cy72-CD45-pos-D06-S906-comb	13.545531	-13.187979	17.602765	6.000000
CY88CD45_150813_H12_S384_comb	-8.076255	4.615201	26.328357	8.000000
Cy59_72	10.537535	-4.188665	7.347231	7.000000
Cy67-CD45pos-S2-D4_S40	-13.692092	2.266453	15.744125	6.000000
cy79-p4-CD45-neg-PDL1-pos-D02-S422-comb	21.310287	-9.142621	10.147413	7.000000
cy80-CD45-neg-B11-S887-comb	9.986359	14.894101	-12.830819	8.000000
cy79-p1-CD45-pos-PD1-pos-AS-C5-R1-H11-S287-comb	-4.548266	11.476353	-18.442797	6.000000
cy79-p1-CD45-pos-PD1-neg-AS-C1-R2-H09-S573-comb	-3.731412	-8.558648	4.435507	1.000000
cy79-p3-CD45-neg-PDL1-neg-A07-S199-comb	23.616208	3.667130	-13.792268	8.000000
Cy81_Bulk_CD45_E06_S150_comb	23.522524	17.343982	10.535418	7.000000
cy79-p5-CD45-neg-PDL1-pos-A08-S680-comb	10.430241	-4.216454	-0.127633	7.000000
Cy81_Bulk_CD45_B12_S120_comb	23.191801	5.796814	11.977740	7.000000
cy94_cd45pos_C03_S123_comb	7.376302	-18.180644	3.261123	8.000000
cy79-p5-CD45-neg-PDL1-pos-D02-S710-comb	14.679558	-6.900139	8.714062	7.000000
cy80-CD45-pos-PD1-pos-C01-S121-comb	-12.958221	3.728938	6.254627	6.000000
cy79-p4-CD45-pos-PD1-pos-H10-S382-comb	-14.997472	0.286094	10.754710	6.000000
CY58_1_CD45_C05_S989_comb	-5.877747	8.196045	1.802639	8.000000
cy88_cd_45_pos_E05_S437_comb	-34.362961	3.742491	32.722504	8.000000
cy78-CD45-neg-1-C06-S510-comb	27.248880	15.984598	-14.729285	7.000000
Cy74_CD45_D10_S430_comb	-23.157084	6.446505	0.866239	6.000000
cy79-p4-CD45-neg-PDL1-neg-G06-S1134-comb	18.493946	-0.118651	7.017355	7.000000
cy79-p5-CD45-pos-PD1-pos-A11-S587-comb	1.421018	3.931854	-24.754992	6.000000
cy53-1-CD45-neg-H03-S375-comb	11.585770	-14.175035	-20.578072	3.000000
cy81-FNA-CD45-neg-E09-S1017-comb	9.837858	-2.025388	14.848998	7.000000
cy79-p1-CD45-neg-PDL1-pos-AS-C1-R1-A11-S11-comb	11.804408	4.317813	-2.353060	7.000000
cy79-p1-CD45-pos-PD1-pos-AS-C5-R1-C12-S228-comb	-11.358219	8.581428	0.886267	6.000000
cy80-CD45-pos-PD1-pos-H06-S186-comb	-9.649152	28.531326	-4.161441	6.000000
CY94CD45POS_1_F04_S160_comb	-7.758266	-14.188778	-8.708919	8.000000
cy79-p4-CD45-pos-PD1-pos-B10-S310-comb	-6.401007	-21.367627	3.406888	1.000000
cy94_cd45pos_H09_S189_comb	3.276461	-12.853153	7.064934	1.000000
cy94_cd45neg_cd90pos_H08_S380_comb	-7.596770	-4.537353	1.684209	2.000000
cy79-p1-CD45-pos-PD1-neg-AS-C1-R2-D03-S519-comb	-6.752251	-30.579449	-1.261708	1.000000
cy79-p5-CD45-neg-PDL1-neg-G04-S844-comb	13.076165	7.616380	1.765770	7.000000
cy94_cd45neg_cd90pos_C05_S317_comb	-0.975800	-1.967507	0.331100	2.000000
CY89NEG_G01_S73_comb	15.640578	-3.133563	5.577588	7.000000
CY58_1_CD45_A06_S966_comb	-10.571145	16.196830	7.966652	6.000000
CY75_1_CD45_CD8_8__S289_comb	-19.573718	8.616533	-6.367727	6.000000
cy78-CD45-neg-1-B04-S496-comb	19.167076	27.320879	-0.793687	7.000000
cy79-p5-CD45-neg-PDL1-pos-H03-S759-comb	22.115530	7.191871	1.701682	7.000000
cy80-CD45-neg-B06-S882-comb	1.230965	-8.775947	0.810779	3.000000
cy79-p3-CD45-neg-PDL1-neg-H05-S281-comb	11.087220	17.745163	-1.980185	7.000000
cy60_1_cd_45_pos_4_H03_S87_comb	-8.115573	-3.549200	10.164400	6.000000
CY89A_CD45_POS_6_F01_S157_comb	-0.726881	3.561607	4.355476	8.000000
CY80-neg-G06-S78-comb	7.602091	1.713595	-0.920689	2.000000
cy80-CD45-neg-G02-S938-comb	7.830393	-10.403182	-4.696050	7.000000
Cy81_Bulk_CD45_G02_S170_comb	-0.466224	12.640560	-26.421476	7.000000
cy94_cd45pos_B11_S119_comb	3.423575	-6.199495	4.049229	6.000000
cy74-CD45-pos-E12-S732-comb	-8.447498	6.638684	-12.592845	6.000000
cy60_1_cd_45_pos_4_C03_S27_comb	-3.364601	13.941040	4.597878	6.000000
cy53-1-CD45-pos-1-D11-S47-comb	-5.303998	-4.131349	1.340056	6.000000
cy60_1_cd_45_pos_HC_pos_HLDAR_pos_H09_S1053_comb	-2.308408	-4.959709	-4.241374	1.000000
cy79-p3-CD45-pos-PD1-pos-AS-C2-R1-G07-S463-comb	-11.787894	0.129602	-13.817706	6.000000
cy79-p1-CD45-pos-PD1-pos-AS-C5-R1-C03-S219-comb	-6.032415	-6.230422	-4.508643	6.000000
cy79-p4-CD45-neg-PDL1-neg-H01-S1141-comb	14.644150	12.086822	-11.184293	7.000000
cy79-p1-CD45-pos-PD1-neg-AS-C1-R2-B03-S495-comb	6.035434	-28.189295	7.920853	1.000000
cy72-CD45-pos-B03-S879-comb	-8.844296	-5.201872	0.194437	6.000000
CY89NEG_A12_S12_comb	7.812839	8.669528	6.043938	7.000000
cy80-CD45-neg-D03-S903-comb	8.401484	-2.466981	-4.226527	7.000000
Cy72_CD45_F09_S741_comb	-7.110020	-2.983311	4.301178	6.000000
CY89NEG_B06_S18_comb	1.343090	-2.037487	-7.512742	8.000000
CY89A_Core_15_A03_S3_comb	-1.462675	-3.449575	25.554264	1.000000
CY89FNAQ2_D06_S426_comb	16.090031	-1.908426	-6.765009	7.000000
CY88_5_C05_S701_comb	17.956028	1.033497	18.143801	7.000000
cy79-p5-CD45-neg-PDL1-neg-G02-S842-comb	11.755702	14.265706	-6.620037	7.000000
cy79-p1-CD45-pos-PD1-pos-AS-C5-R1-C05-S221-comb	-1.584196	3.482863	-5.924226	6.000000
CY89COREQ1_A04_S292_comb	0.833308	1.018539	-18.503551	6.000000
cy79-p1-CD45-pos-PD1-neg-AS-C1-R2-F03-S543-comb	-5.128630	-6.004049	5.274819	1.000000
cy60_1_cd_45_pos_HC_pos_HLDAR_pos_G08_S1040_comb	4.570818	-15.530709	-2.629226	8.000000
CY75_1_CD45_CD8_1__S71_comb	-7.399958	5.247793	0.798898	6.000000
cy88_cd_45_pos_H12_S480_comb	-0.848305	-1.852469	15.933147	8.000000
cy80-Cd45-pos-PD1-pos-C09-S69-comb	-10.300966	3.133208	11.077940	6.000000
cy79-p5-CD45-pos-PD1-pos-F10-S646-comb	-1.211587	11.932359	-1.073943	6.000000
CY65_POS_E_AGTGTCTT_ATTCCTCT	-10.800651	-14.919851	12.892365	6.000000
cy79-p3-CD45-neg-PD1-pos-AS-C3-R1-C01-S313-comb	9.298760	8.062449	-14.222405	7.000000
cy81-Bulk-CD45-neg-E10-S154-comb	17.889772	-7.281153	4.846068	7.000000
cy60_1_cd_45_pos_4_B06_S18_comb	0.205711	-0.216634	0.413200	8.000000
cy72-CD45-pos-F07-S931-comb	-7.174724	-4.074534	2.497652	6.000000
CY89A_CD45_POS_4_E04_S436_comb	9.664431	-12.194587	5.852053	6.000000
cy79-p1-CD45-neg-PDL1-neg-AS-C4-R1-H08-S188-comb	15.079657	12.747729	-0.926918	7.000000
cy79-p1-CD45-neg-PDL1-pos-AS-C1-R1-D04-S40-comb	12.180074	3.636095	-1.073044	7.000000
cy58-1-CD45-pos-D03-S615-comb	-23.794363	-3.669565	-16.341692	6.000000
CY89A_CD45_POS_6_A08_S104_comb	-11.954723	-6.840052	-2.724500	8.000000
cy81-FNA-CD45-neg-H09-S1053-comb	9.939967	0.505729	20.846757	7.000000
CY88CD45_150813_D01_S325_comb	-0.122750	-4.184251	3.480879	6.000000
cy79-p5-CD45-pos-PD1-pos-C01-S601-comb	-21.109853	11.804703	0.416183	6.000000
cy80-CD45-neg-D09-S429-comb	-6.867956	-5.255159	4.733607	6.000000
cy84_Primary_CD45_pos_C09_S417_comb	-5.636169	-10.378853	6.214593	1.000000
cy94_cd45pos_B06_S114_comb	-6.227263	-15.018526	6.379954	8.000000
SS2_F5_S184_comb	-19.332187	-3.369855	3.351712	6.000000
CY84_PRIM_POS_All_8_E11_S155_comb	-3.339609	3.151328	2.455340	8.000000
cy79-p1-CD45-neg-PDL1-neg-AS-C4-R1-F09-S165-comb	8.559424	3.163830	-4.815937	7.000000
CY89COREQ1_D03_S327_comb	-2.667246	8.781768	-13.647818	6.000000
cy80-CD45-neg-C08-S416-comb	-2.466815	-8.244123	-15.316831	8.000000
Cy71_CD45_D04_S520_comb	-18.657581	22.721715	-38.507306	8.000000
cy79-p3-CD45-neg-PDL1-neg-C02-S218-comb	14.161175	7.343571	5.860920	7.000000
Cy72_CD45_B05_S689_comb	-17.250459	7.249929	-21.145006	6.000000
Cy74_CD45_H12_S480_comb	-6.769247	3.861118	16.339695	6.000000
CY75_1_CD45_CD8_3__S108_comb	-21.284238	5.439360	-11.563961	6.000000
Cy81_FNA_CD45_B11_S311_comb	9.584944	-0.344657	10.032172	7.000000
cy80-CD45-neg-A07-S391-comb	-14.883194	16.108880	-4.566236	6.000000
cy60_1_cd_45_pos_3_B10_S310_comb	-15.867220	3.269539	-11.775202	6.000000
cy58-1-CD45-pos-C07-S607-comb	-14.236639	-2.239280	-2.661631	6.000000
cy80_CD_90_pos_G06_S942_comb	3.997976	-0.949658	2.307965	2.000000
cy60_1_cd_45_pos_3_E08_S344_comb	-4.021153	-10.010171	0.312591	1.000000
CY89A_CD45_POS_6_F05_S161_comb	-4.065618	-10.526111	-5.859114	1.000000
CY88_5_D12_S720_comb	15.291096	15.671834	6.730390	7.000000
CY89A_CD45_POS_4_B10_S406_comb	-7.076469	4.946242	8.270533	6.000000
Cy72_CD45_G08_S752_comb	-3.680120	-5.649018	3.569316	1.000000
CY88_5_F03_S735_comb	19.606138	10.900815	-0.121560	7.000000
CY84_PRIM_POS_All_8_B11_S119_comb	1.630370	0.709427	-2.233808	4.000000
CY88CD45_150813_B05_S305_comb	2.887300	16.196350	-11.784523	7.000000
cy80-CD45-neg-E01-S913-comb	9.381138	-2.084559	3.072585	7.000000
CY89A_CD45_POS_6_F03_S159_comb	3.421355	-10.558937	1.178800	4.000000
Cy74_CD45_C07_S415_comb	10.887214	1.691489	-1.003681	4.000000
cy94_cd45pos_B04_S112_comb	-11.865103	-16.226187	-4.899753	8.000000
Cy80_II_CD45_F12_S936_comb	6.602941	3.533137	-14.704846	7.000000
cy53-1-CD45-pos-1-G04-S76-comb	-11.430954	-2.728052	0.105856	6.000000
cy80-CD45-neg-D07-S907-comb	13.821271	9.505671	-16.656922	7.000000
CY65_POS_A_AGAACATT_CTACCAGG	7.255930	7.251220	10.820874	7.000000
cy94_cd45pos_F01_S157_comb	-18.705676	-8.429297	-24.359122	8.000000
cy79-p4-CD45-pos-PD1-pos-G01-S361-comb	-12.701954	-11.193775	9.999386	6.000000
CY65_POS_C_AGGATGTG_CTACCAGG	13.685294	-3.191854	-2.840933	8.000000
Cy80_II_CD45_B12_S888_comb	31.374159	1.247604	2.404246	7.000000
cy78-CD45-neg-3-E10-S730-comb	30.503960	-18.683354	6.160930	7.000000
cy79-p1-CD45-pos-PD1-pos-AS-C5-R1-H03-S279-comb	-3.446246	10.070751	-4.293809	6.000000
CY89FNA_C09_S225_comb	-6.569587	-12.808682	-0.052179	1.000000
CY65_POS_H_CAAGGCGA_CAACTCTC	-7.765124	10.389726	5.726830	6.000000
SS2_C5_S166_comb	-24.102770	-18.313555	-4.741298	6.000000
CY89A_CD45_POS_10_G06_S270_comb	-28.492880	-6.051528	17.864497	6.000000
cy79-p1-CD45-pos-PD1-neg-AS-C1-R2-G11-S563-comb	-6.254598	-22.873234	-9.949208	1.000000
Cy72_CD45_G09_S753_comb	1.566109	-38.906895	-14.278008	8.000000
cy79-p3-CD45-pos-PD1-neg-F09-S165-comb	-17.016203	-15.455053	-1.844003	6.000000
cy79-p4-CD45-neg-PDL1-pos-E04-S436-comb	17.203016	7.338975	1.948479	7.000000
CY89FNA_A03_S195_comb	2.803602	1.593223	1.008983	5.000000
cy79-p3-CD45-neg-PDL1-neg-G05-S269-comb	11.105598	-9.184094	10.006667	7.000000
CY88_5_D10_S718_comb	26.107003	1.180595	-5.112942	7.000000
CY89CORE11_B07_S115_comb	9.297868	5.516391	-7.108701	7.000000
cy94_cd45pos_4_D05_S41_comb	-1.158137	22.249592	16.837756	6.000000
cy79-p3-CD45-neg-PDL1-neg-C01-S217-comb	12.137289	0.328786	1.106674	7.000000
CY89A_CD45_POS_6_H09_S189_comb	7.910367	-22.487557	-20.220951	1.000000
CY84_PRIM_POS_All_6_E04_S436_comb	2.708107	7.926693	2.907560	7.000000
CY88_3_D05_S617_comb	16.885713	-14.671518	-10.947863	7.000000
cy80-CD45-neg-H11-S479-comb	-10.774302	9.449613	4.678353	6.000000
cy74-CD45-pos-D02-S710-comb	-3.843548	7.138760	-0.516918	6.000000
Cy67-CD45pos-S2-A10_S10	-20.674638	-13.210044	-17.177340	1.000000
cy80-CD45-neg-E01-S433-comb	-12.784156	-14.455538	-10.641146	1.000000
cy94_cd45pos_4_B08_S20_comb	-0.711704	2.337198	6.586018	6.000000
Cy81_Bulk_CD45_E10_S154_comb	14.131977	4.793119	-22.007978	7.000000
cy80-CD45-neg-D11-S431-comb	-6.552204	-1.326914	13.217061	6.000000
cy60_1_cd_45_pos_4_C06_S30_comb	-8.801911	1.727907	5.716246	6.000000
CY89COREQ1_F11_S359_comb	-8.178654	8.308684	4.339895	6.000000
CY88CD45POS_2_E03_S435_comb	-6.114476	1.171544	5.920068	6.000000
cy79-p1-CD45-neg-PDL1-neg-AS-C4-R1-F02-S158-comb	12.876878	1.930484	-1.100048	7.000000
cy79-p3-CD45-neg-PDL1-neg-B08-S212-comb	10.298584	10.100042	2.806601	7.000000
cy79-p1-CD45-neg-PDL1-neg-AS-C4-R1-B06-S114-comb	11.250129	1.582897	-2.160634	7.000000
cy80-CD45-pos-PD1-pos-C11-S131-comb	-31.674635	-11.435210	0.069733	6.000000
CY88CD45_150813_D05_S329_comb	-6.235969	2.115613	11.154658	5.000000
cy74-CD45-pos-A08-S680-comb	5.484819	-9.814331	6.187674	1.000000
cy82-CD45-pos-3-G08-S80-comb	-8.379979	6.085621	1.482269	6.000000
cy80-CD45-pos-PD1-pos-H12-S192-comb	-18.567006	-6.805478	-11.283332	6.000000
CY80-neg-C09-S33-comb	9.889283	0.626352	-1.717657	8.000000
cy84-Met-CD45-pos-H10-S958-comb	-11.278068	-19.435034	-0.276456	8.000000
Cy71_CD45_G10_S562_comb	-19.243888	8.221295	5.184106	6.000000
CY89A_CD45_POS_4_B08_S404_comb	1.144908	6.829699	-16.646400	6.000000
cy79-p3-CD45-neg-PD1-pos-AS-C3-R1-C05-S317-comb	11.136437	8.252173	-1.677580	7.000000
cy94_cd45neg_cd90pos_G02_S362_comb	-6.992429	-4.632742	3.103779	8.000000
Cy72_CD45_E11_S731_comb	-6.212730	-13.016393	21.287320	8.000000
cy79-p1-CD45-pos-PD1-pos-AS-C5-R1-F10-S262-comb	-9.424706	10.299044	-10.211879	6.000000
CY89A_CD45_POS_4_A02_S386_comb	-14.229324	13.597229	-13.739858	6.000000
Cy81_FNA_CD45_C11_S227_comb	-12.457073	4.389036	2.996713	6.000000
CY75_1_CD45_CD8_3__S133_comb	-16.826017	0.435854	1.341569	6.000000
cy80-Cd45-pos-PD1-pos-S167-G11-S167-comb	-8.465710	-3.251109	-1.794217	6.000000
CY89FNAQ2_C06_S414_comb	5.772500	2.869188	2.775212	7.000000
cy60_1_cd_45_pos_3_A05_S293_comb	-1.066943	10.522209	-8.316368	6.000000
CY94_CD45NEG_CD90POS_2_A09_S9_comb	-6.360657	-2.369215	3.830471	8.000000
CY89A_CD45_POS_6_A04_S100_comb	3.447970	-13.088530	-4.966994	4.000000
cy60_1_cd_45_pos_HC_pos_HLDAR_pos_D10_S1006_comb	-5.061761	-4.657508	3.525147	1.000000
cy88_cd_45_pos_E06_S438_comb	3.051013	-8.886029	-0.744600	4.000000
CY89A_CD45_POS_6_B07_S115_comb	2.664271	-25.741201	-0.797843	1.000000
cy79-p5-CD45-pos-PD1-pos-C11-S611-comb	-9.630519	1.505958	-4.885591	6.000000
cy80-CD45-neg-G07-S943-comb	-4.714009	-7.103103	2.873348	3.000000
Cy81_FNA_CD45_D11_S239_comb	-23.481280	13.536302	5.545358	6.000000
CY75_1_CD45_CD8_8__S372_comb	-9.356072	7.307666	3.120557	6.000000
cy79-p4-CD45-pos-PD1-pos-E03-S339-comb	-20.057222	19.514656	-0.441068	6.000000
cy79-p4-CD45-pos-PD1-pos-E07-S343-comb	-14.474140	-1.892979	0.786768	6.000000
cy88_cd45pos_5_F04_S256_comb	-16.941886	17.255987	14.298932	8.000000
cy53-1-CD45-neg-D08-S332-comb	2.154117	-6.294909	-0.140541	3.000000
CY89A_CD45_POS_6_H02_S182_comb	-0.661112	21.067142	-5.820362	6.000000
cy88_cd45pos_5_G04_S268_comb	3.730601	30.384910	23.285966	1.000000
cy94_cd45pos_F02_S158_comb	-15.525981	-10.063256	6.407241	6.000000
CY89A_CD45_POS_6_A05_S101_comb	3.344036	-1.043305	0.812733	4.000000
cy60_1_cd_45_pos_HC_pos_HLDAR_pos_H02_S1046_comb	3.369368	-2.913535	-0.125002	1.000000
CY65_NEG_A_AACATAAT_ACACGATC	18.128351	-0.996326	1.373448	7.000000
CY94_CD45NEG_CD90POS_2_C02_S26_comb	-3.865441	-9.423367	-10.396909	8.000000
cy80-Cd45-pos-PD1-pos-S181-H01-S181-comb	-15.706198	6.741397	13.228095	6.000000
cy79-p5-CD45-neg-PDL1-neg-G01-S841-comb	21.499960	-1.392705	-2.425729	7.000000
cy79-p3-CD45-neg-PD1-pos-AS-C3-R1-C02-S314-comb	6.549047	9.604282	1.494799	7.000000
CY88CD45_150813_F11_S359_comb	7.807944	-2.784115	29.292613	6.000000
Cy67-CD45pos-S2-F4_S64	-16.218725	-6.366478	4.280613	6.000000
CY88CD45POS_2_C07_S415_comb	-8.180874	-7.393331	10.243934	6.000000
Cy80_II_CD45_G05_S941_comb	5.322261	0.499949	-0.282092	2.000000
cy80-CD45-neg-H02-S950-comb	3.668903	2.107600	2.423566	7.000000
CY88CD45_150813_E06_S342_comb	9.144159	-7.817067	22.765149	6.000000
cy60_1_cd_45_pos_3_E09_S345_comb	-7.323011	9.536861	2.841993	6.000000
cy81-Bulk-CD45-neg-G01-S169-comb	7.859965	1.848892	0.955656	7.000000
cy94_cd45pos_C12_S132_comb	-14.982465	-0.217653	24.563079	8.000000
CY65_NEG_E_AGAACATT_AAGTAGAG	-17.790440	-0.499318	-2.530783	6.000000
CY94CD45POS_1_F05_S161_comb	1.001058	-12.613330	-7.956621	1.000000
cy78-CD45-neg-2-B10-S598-comb	41.494242	7.561805	-0.341054	7.000000
Cy80_II_CD45_A01_S865_comb	11.292922	14.714505	10.898909	7.000000
cy82-CD45-pos-2-G12-S564-comb	-33.607447	5.141462	12.643531	8.000000
cy78-CD45-neg-1-A03-S483-comb	9.708591	26.005795	-7.633799	7.000000
Cy81_FNA_CD45_H02_S278_comb	-3.804492	7.816250	3.425136	6.000000
CY89A_CD45_POS_4_F05_S449_comb	-0.871025	25.600064	2.139613	6.000000
cy79-p5-CD45-neg-PDL1-pos-G05-S749-comb	6.103140	1.754111	12.439051	7.000000
cy53-1-CD45-pos-2-B04-S976-comb	-5.141168	-3.452553	-3.226364	6.000000
cy88_cd_45_pos_D01_S421_comb	-6.892995	1.298272	-0.954431	5.000000
CY75_1_CD45_CD8_1__S95_comb	-15.627918	-1.714830	7.027976	6.000000
Cy81_FNA_CD45_F03_S351_comb	21.911396	-13.797645	-5.707927	7.000000
cy82-CD45-pos-2-B04-S496-comb	-9.128402	46.744759	-12.973136	8.000000
CY88_5_B05_S689_comb	18.118627	4.869075	25.959441	7.000000
CY88CD45POS_7_C01_S217_comb	1.952149	-6.347904	-3.832328	4.000000
Cy81_FNA_CD45_A03_S195_comb	-4.846113	6.556326	9.827598	6.000000
cy53-1-CD45-pos-1-E12-S60-comb	-6.241822	0.547293	1.039833	6.000000
cy78-CD45-neg-2-C05-S605-comb	5.391542	2.700283	8.922041	7.000000
cy80-CD45-neg-D09-S909-comb	4.017512	10.370000	-12.609641	7.000000
cy82-CD45-pos-1-F08-S548-comb	-31.019273	-11.489894	9.629676	6.000000
cy79-p4-CD45-neg-PDL1-pos-C11-S419-comb	6.125730	11.935900	-7.528119	7.000000
SS2_E1_S175_comb	-6.119980	17.023911	-8.667979	6.000000
cy60_1_cd_45_pos_3_C06_S318_comb	-9.476892	11.009010	2.757017	6.000000
CY89A_Core_15_H09_S93_comb	-3.460721	7.806502	6.875054	6.000000
Cy74_CD45_D04_S424_comb	-7.212048	13.534985	1.961443	6.000000
CY89COREQ1_A01_S289_comb	2.369981	0.292022	1.215674	4.000000
Cy81_Bulk_CD45_C05_S125_comb	15.016628	-2.769016	-20.010301	7.000000
Cy81_FNA_CD45_H04_S376_comb	16.549235	-7.733993	-15.487182	7.000000
cy81-Bulk-CD45-neg-C04-S124-comb	17.606358	-22.691008	-9.042999	7.000000
CY89A_CD45_POS_6_B03_S111_comb	-0.678348	-11.262443	23.708540	6.000000
cy79-p1-CD45-pos-PD1-neg-AS-C1-R2-E07-S535-comb	-4.031519	-4.236727	2.546171	1.000000
cy53-1-CD45-pos-2-D06-S1002-comb	-4.992718	-3.918990	2.345602	6.000000
cy82-CD45-pos-2-A07-S487-comb	-5.746899	7.218492	4.267691	6.000000
cy58-1-CD45-pos-A08-S584-comb	-13.449163	10.175300	-5.494104	6.000000
cy79-p3-CD45-neg-PDL1-neg-G01-S265-comb	8.188018	2.425608	8.938832	7.000000
CY88_3_B09_S597_comb	32.260838	9.929989	-2.268437	7.000000
cy79-p1-CD45-pos-PD1-neg-AS-C1-R2-E09-S537-comb	-1.431192	-10.690568	7.572174	1.000000
cy79-p3-CD45-neg-PDL1-neg-B10-S214-comb	12.164590	3.938066	-3.904539	7.000000
cy84_Primary_CD45_pos_E10_S442_comb	8.703175	-23.723495	1.904728	1.000000
cy79-p1-CD45-pos-PD1-pos-AS-C5-R1-F06-S258-comb	-11.430994	-3.402018	-4.207590	6.000000
cy78-CD45-neg-3-D08-S716-comb	35.387938	-0.713155	10.643966	7.000000
CY88CD45POS_7_F01_S253_comb	-6.620177	7.147661	-0.936204	6.000000
CY89NEG_C11_S35_comb	3.088390	-5.170263	-1.698029	3.000000
CY88_5_G08_S752_comb	26.491563	0.373589	7.293793	7.000000
cy81-Bulk-CD45-neg-H11-S191-comb	17.986443	-3.850099	11.093947	7.000000
CY75_1_CD45_CD8_8__S315_comb	-10.345869	1.246908	-2.704686	6.000000
cy88_cd_45_pos_3_C07_S607_comb	16.771476	-12.385121	28.657511	6.000000
cy79-p3-CD45-neg-PDL1-neg-E05-S245-comb	15.142668	6.074311	-7.933111	7.000000
CY75_1_CD45_CD8_7__S253_comb	-16.784691	4.136071	2.540063	6.000000
cy80-Cd45-pos-PD1-pos-A05-S17-comb	-25.786909	0.938691	-8.962584	6.000000
cy78-CD45-neg-3-D09-S717-comb	18.654763	39.866228	-0.189079	7.000000
CY89COREQ1_H03_S375_comb	9.166253	-15.963279	11.824447	1.000000
Cy67-CD45pos-S2-F3_S63	6.619903	-12.659390	24.869409	1.000000
cy94_cd45neg_cd90pos_H09_S381_comb	-12.562848	-26.302392	0.858785	1.000000
cy60_1_cd_45_pos_3_E07_S343_comb	4.294974	-13.555485	-17.624056	1.000000
CY94CD45POS_1_D10_S142_comb	-8.609726	-7.153341	1.754193	6.000000
cy53-1-CD45-pos-1-A10-S10-comb	-5.094229	0.386455	-3.649166	6.000000
cy88_cd_45_pos_G03_S459_comb	0.903228	-2.239268	-3.915365	6.000000
Cy71_CD45_A09_S489_comb	9.831226	2.441768	-1.133848	4.000000
cy74-CD45-pos-F04-S736-comb	-5.017765	5.504928	-0.716737	6.000000
cy80-CD45-neg-A12-S396-comb	-3.530932	2.176264	-11.904152	6.000000
cy79-p5-CD45-pos-PD1-pos-D05-S617-comb	-0.359110	5.779730	-2.824493	6.000000
cy74-CD45-pos-G06-S750-comb	-13.100766	1.417383	-5.235818	6.000000
CY75_1_CD45_CD8_8__S343_comb	-16.550514	5.242732	-0.522482	6.000000
cy81-Bulk-CD45-neg-E04-S148-comb	6.356715	-3.132425	-8.728978	7.000000
cy72-CD45-pos-A04-S868-comb	-0.320203	-10.408423	12.708649	6.000000
cy84-Met-CD45-pos-H05-S953-comb	-1.228983	-29.285897	17.167609	1.000000
cy60_1_cd_45_pos_HC_pos_HLDAR_pos_C03_S987_comb	-8.627233	16.207590	-22.760029	8.000000
cy78-CD45-neg-1-C03-S507-comb	9.239098	4.513207	11.273390	7.000000
CY75_1_CD45_CD8_3__S157_comb	-10.720605	0.074822	1.001420	6.000000
CY89A_CD45_POS_6_G11_S179_comb	-3.240546	4.806402	0.797895	6.000000
cy79-p1-CD45-neg-PDL1-pos-AS-C1-R1-E04-S52-comb	10.706577	6.022995	-3.927092	7.000000
Cy67-CD45pos-S2-D12_S48	-8.580165	-10.800613	14.885879	6.000000
cy80-CD45-pos-PD1-pos-B10-S118-comb	-5.128941	-5.457175	-7.916782	8.000000
CY89A_CD45_POS_6_F07_S163_comb	-1.527215	-10.268638	-3.089533	1.000000
monika_E12_S137_comb	-15.722175	8.030612	-13.296944	6.000000
CY80-neg-D11-S47-comb	14.178296	-1.521109	-13.051540	7.000000
cy60_1_cd_45_pos_4_G06_S78_comb	-14.481967	-5.522119	0.454627	6.000000
CY89A_CD45_POS_4_B06_S402_comb	-10.491029	9.770255	-18.139979	6.000000
cy81-FNA-CD45-neg-B01-S973-comb	3.478159	0.568364	3.293615	7.000000
cy94_cd45neg_cd90pos_B07_S307_comb	-6.972906	-3.362224	3.950552	2.000000
cy74-CD45-pos-F10-S742-comb	-7.255126	-1.233035	-4.897481	6.000000
CY88_3_F04_S640_comb	18.724196	1.485258	-10.417223	7.000000
CY88CD45_150813_G09_S369_comb	-20.557226	20.592532	6.331751	6.000000
Cy67-CD45pos-S2-B3_S15	-6.245030	34.364149	12.272455	6.000000
CY89A_Core_15_B06_S18_comb	-4.940946	4.716236	4.641075	6.000000
cy53-1-CD45-pos-1-A04-S4-comb	-1.967057	2.500167	-0.764254	6.000000
cy82-CD45-pos-1-B11-S503-comb	6.775043	-4.080099	-1.592132	7.000000
CY89COREQ1_G05_S365_comb	-23.237033	29.016880	10.542659	6.000000
cy80-Cd45-pos-PD1-pos-B03-S39-comb	-9.013260	-3.401130	1.639463	6.000000
CY89COREQ1_E11_S347_comb	-6.351452	-24.158730	-3.249946	1.000000
Cy72_CD45_F05_S737_comb	-4.751917	-8.981577	12.614222	6.000000
CY89A_CD45_POS_4_F01_S445_comb	-2.651085	-15.586823	9.612655	1.000000
cy88_cd_45_pos_3_F07_S643_comb	-4.512664	-0.547380	9.207000	6.000000
cy84_Primary_CD45_pos_H03_S471_comb	-5.033292	-4.644039	11.116685	6.000000
cy72-CD45-pos-A02-S866-comb	3.288074	-17.066029	11.763485	1.000000
Cy80_II_CD45_B09_S885_comb	28.455978	6.688517	5.632139	7.000000
cy79-p3-CD45-pos-PD1-neg-F12-S168-comb	-5.014766	-5.095944	-0.197644	6.000000
Cy81_Bulk_CD45_B04_S112_comb	4.797150	6.328204	6.416253	7.000000
CY75_1_CD45_CD8_7__S214_comb	-7.573526	23.023472	2.345074	6.000000
cy79-p1-CD45-neg-PDL1-pos-AS-C1-R1-A04-S4-comb	15.889763	3.584547	-1.326272	7.000000
cy79-p5-CD45-pos-PD1-pos-A02-S578-comb	-14.383238	0.933952	4.008797	6.000000
cy58-1-CD45-pos-B06-S594-comb	-2.972917	-1.118836	-1.908010	6.000000
cy80-CD45-pos-PD1-pos-E10-S154-comb	-17.691687	14.593409	-19.654139	6.000000
Cy80_II_CD45_C03_S891_comb	5.632342	-0.361685	-1.382171	3.000000
cy94_cd45pos_4_A09_S9_comb	-6.234970	-3.891175	2.874779	6.000000
CY88CD45POS_7_C07_S223_comb	6.396466	-9.183945	0.005629	7.000000
CY89A_CD45_POS_4_E05_S437_comb	2.384259	-11.284308	-25.982284	1.000000
CY75_1_CD45_CD8_8__S316_comb	-24.765881	-2.826290	-2.192151	6.000000
CY75_1_CD45_CD8_3__S127_comb	-12.069318	2.182689	1.822955	6.000000
cy79-p5-CD45-neg-PDL1-neg-G08-S848-comb	7.760462	4.036180	-0.415397	7.000000
cy79-p1-CD45-pos-PD1-pos-AS-C5-R1-C04-S220-comb	3.707923	11.378353	8.822972	6.000000
cy94_cd45pos_4_B07_S19_comb	-14.809201	-10.796954	1.946104	6.000000
Cy71_CD45_F07_S547_comb	8.942304	27.926333	-0.346847	7.000000
cy81-FNA-CD45-neg-B04-S976-comb	10.328460	1.782308	-0.018145	7.000000
cy53-1-CD45-pos-1-F09-S69-comb	-2.477880	24.370137	-10.585918	6.000000
CY75_1_CD45_CD8_1__S72_comb	-1.214352	15.294538	-6.139149	6.000000
cy84-Met-CD45-pos-B02-S878-comb	6.150463	13.517807	23.727358	6.000000
Cy71_CD45_E02_S530_comb	13.092543	-5.332602	14.383597	7.000000
cy53-1-CD45-pos-1-H03-S87-comb	-20.018515	-7.027063	-5.820597	6.000000
CY88CD45POS_2_B09_S405_comb	7.010446	-13.855266	-4.317651	1.000000
monika_E5_S139_comb	-14.213920	27.358991	20.313166	6.000000
cy81-Bulk-CD45-neg-A10-S106-comb	23.123385	-4.463071	6.425272	7.000000
CY89CORE11_B10_S118_comb	18.999847	-4.246138	-4.918159	7.000000
cy78-CD45-neg-3-E06-S726-comb	9.314764	3.290870	14.663569	7.000000
CY75_1_CD45_CD8_1__S25_comb	-5.790485	-6.397514	3.952496	6.000000
cy82-CD45-neg-2-H12-S288-comb	11.823943	8.004835	-7.042288	7.000000
CY89A_CD45_POS_10_A07_S199_comb	-11.815971	-1.684744	-7.482226	7.000000
CY58_1_CD45_B11_S983_comb	-11.660078	3.561805	-3.931808	6.000000
CY89CORE11_F07_S163_comb	8.169872	2.234827	5.379926	7.000000
cy81-Bulk-CD45-neg-D09-S141-comb	14.894994	18.217554	-7.185325	7.000000
cy78-CD45-neg-3-A12-S684-comb	27.434151	7.036035	-8.995775	7.000000
cy82-CD45-pos-2-A05-S485-comb	-4.973496	-2.823515	-11.487595	6.000000
CY89A_CD45_POS_10_A04_S196_comb	-29.725973	-0.353649	7.551295	6.000000
cy88_cd_45_pos_C05_S413_comb	0.482201	-3.980507	7.214707	6.000000
cy81-FNA-CD45-neg-H11-S1055-comb	27.602296	14.774100	-6.535190	7.000000
Cy74_CD45_G03_S459_comb	8.578757	8.328179	15.496737	6.000000
cy94_cd45pos_D03_S135_comb	-2.979473	-15.900572	15.115520	8.000000
CY89A_CD45_POS_10_F12_S264_comb	-7.694508	-5.749500	1.970473	6.000000
cy94_cd45pos_4_G12_S84_comb	-9.677356	-13.887417	-1.390923	8.000000
cy80-Cd45-pos-PD1-pos-S164-G08-S164-comb	-4.289301	10.962226	1.599975	6.000000
cy82-CD45-pos-2-E02-S530-comb	14.868562	-7.819519	-4.798292	7.000000
CY84_PRIM_POS_All_6_D12_S432_comb	3.144483	-4.631235	1.592047	4.000000
cy79-p5-CD45-neg-PDL1-neg-H05-S857-comb	5.713032	4.144146	5.188619	7.000000
Cy74_CD45_F06_S450_comb	-10.655960	0.277423	8.580593	6.000000
cy79-p4-CD45-pos-PD1-pos-E09-S345-comb	-24.439065	3.519471	-27.821655	6.000000
cy88_cd45pos_5_D05_S233_comb	-10.673029	-1.324561	17.035851	8.000000
cy79-p5-CD45-neg-PDL1-neg-H08-S860-comb	15.012228	0.391567	3.435410	7.000000
cy60_1_cd_45_pos_HC_pos_HLDAR_pos_C11_S995_comb	-2.671707	-13.493302	-1.901452	1.000000
CY94CD45POS_1_F06_S162_comb	-8.008245	-5.951887	3.843119	8.000000
Cy67-CD45pos-S2-G11_S83	-12.029210	3.262684	-10.375520	6.000000
CY88_5_D08_S716_comb	18.028778	5.620728	-5.399900	7.000000
Cy81_Bulk_CD45_C08_S128_comb	18.150598	6.771195	8.847406	8.000000
cy81-Bulk-CD45-neg-C01-S121-comb	11.200059	-8.135652	-15.591333	7.000000
Cy59_38	28.968656	-27.732537	28.350275	7.000000
CY89A_CD45_POS_10_B11_S215_comb	-12.857982	-28.208098	8.961328	1.000000
cy74-CD45-pos-B05-S689-comb	-8.738858	3.968204	1.286206	6.000000
cy94_cd45pos_4_H12_S96_comb	1.882325	-17.980007	-7.800863	1.000000
CY58_1_CD45_G07_S1039_comb	-17.273577	12.011683	-9.963150	6.000000
cy82-CD45-pos-3-H10-S94-comb	-7.457807	3.917964	2.638802	6.000000
CY88CD45_150813_G04_S364_comb	-7.610903	-0.062366	0.301293	7.000000
cy72-CD45-pos-D04-S904-comb	-6.453315	-18.393374	-2.834719	1.000000
cy79-p3-CD45-neg-PDL1-neg-E02-S242-comb	12.616924	-3.920788	3.243557	7.000000
Cy74_CD45_C11_S419_comb	-6.178610	2.076023	1.946421	6.000000
cy79-p4-CD45-pos-PD1-pos-C08-S320-comb	-19.812644	-8.808913	2.922814	1.000000
CY58_1_CD45_A10_S970_comb	8.370453	19.572375	18.508912	6.000000
cy79-p3-CD45-pos-PD1-neg-G03-S171-comb	5.066829	-28.981230	-15.488254	8.000000
cy80-CD45-pos-PD1-pos-B08-S116-comb	-3.317555	5.098248	21.422000	8.000000
CY88CD45POS_7_F02_S254_comb	9.911919	-20.331155	-9.174977	1.000000
cy94_cd45pos_4_D09_S45_comb	4.411647	-1.379839	5.926066	6.000000
cy79-p1-CD45-neg-PDL1-neg-AS-C4-R1-B02-S110-comb	14.583945	4.372062	1.275051	7.000000
CY88CD45_150813_C05_S317_comb	-9.503124	-6.363513	-5.640964	6.000000
CY94_CD45NEG_CD90POS_2_C11_S35_comb	-7.406246	-4.124197	2.287895	2.000000
Cy71_CD45_E09_S537_comb	19.463414	14.001811	-28.054464	7.000000
cy79-p5-CD45-pos-PD1-pos-G09-S657-comb	-10.707410	2.567310	-0.436117	6.000000
cy60_1_cd_45_neg_1_C08_S224_comb	2.277339	-14.623382	-1.324445	7.000000
cy79-p4-CD45-neg-PDL1-pos-G10-S466-comb	1.476664	9.855064	-5.101845	7.000000
Cy74_CD45_F09_S453_comb	1.896655	2.977331	2.794266	6.000000
cy74-CD45-pos-G12-S756-comb	-14.169761	-10.349554	-6.090246	1.000000
CY89A_CD45_POS_6_F06_S162_comb	4.746062	-7.664228	-5.564425	4.000000
Cy72_CD45_G05_S749_comb	2.609970	-6.336555	19.481190	6.000000
cy53-1-CD45-pos-1-E07-S55-comb	-4.233401	-3.862206	4.586253	6.000000
cy84_Primary_CD45_pos_G08_S464_comb	-20.492665	-0.540296	6.803782	6.000000
cy53-1-CD45-pos-1-C11-S35-comb	-4.330989	5.686787	-17.740270	6.000000
cy79-p1-CD45-pos-PD1-neg-AS-C1-R2-H08-S572-comb	-1.945463	-5.615847	13.399767	6.000000
CY89A_CD45_POS_4_H06_S474_comb	-4.442004	-28.435345	8.322568	1.000000
CY75_1_CD45_CD8_8__S322_comb	-11.358048	-8.321985	-21.170227	6.000000
cy79-p4-CD45-neg-PDL1-neg-G02-S1130-comb	18.900566	14.379981	-5.240953	7.000000
cy79-p1-CD45-neg-PDL1-pos-AS-C1-R1-G11-S83-comb	13.406951	1.649767	-4.581095	7.000000
CY89A_Core_15_H07_S91_comb	-6.933841	3.191054	4.644329	6.000000
cy58-1-CD45-pos-D02-S614-comb	-8.224307	1.343311	-7.974984	6.000000
cy80-CD45-neg-G06-S942-comb	10.953451	-7.724043	-3.450657	7.000000
cy60_1_cd_45_pos_HC_pos_HLDAR_pos_B11_S983_comb	3.375621	-18.879159	-0.061946	8.000000
cy79-p5-CD45-pos-PD1-pos-C02-S602-comb	-10.508058	5.381582	1.525440	6.000000
cy80-Cd45-pos-PD1-pos-B10-S46-comb	-22.241997	0.349785	2.233843	6.000000
cy53-1-CD45-neg-F09-S357-comb	11.805512	3.300341	2.166230	2.000000
cy80-Cd45-pos-PD1-pos-S119-E11-S119-comb	8.479009	13.617931	-26.443212	1.000000
CY88CD45_150813_H11_S383_comb	-12.877245	-10.830701	-1.995906	6.000000
CY89A_Core_15_B12_S24_comb	-5.848457	5.492688	-7.875037	6.000000
cy80-Cd45-pos-Pd1-neg-S248-C08-S248-comb	-14.471944	-21.015298	-6.712469	1.000000
cy80-Cd45-pos-PD1-pos-S112-E04-S112-comb	-3.227346	-1.664978	-6.230356	6.000000
CY75_1_CD45_CD8_3__S134_comb	-7.821619	-2.611969	2.915969	6.000000
cy79-p1-CD45-neg-PDL1-neg-AS-C4-R1-H03-S183-comb	6.652726	0.619728	-5.965605	7.000000
cy94_cd45pos_H03_S183_comb	-9.544966	-10.933229	2.631854	6.000000
cy79-p4-CD45-pos-PD1-pos-G03-S363-comb	-28.486249	6.359306	-14.276364	6.000000
CY88CD45POS_2_F03_S447_comb	-16.222988	-5.751740	8.933226	6.000000
CY89A_CD45_POS_6_C02_S122_comb	-3.007199	-3.513701	8.771899	6.000000
Cy80_II_CD45_F01_S925_comb	5.755994	-15.872791	-7.321913	7.000000
Cy71_CD45_E08_S536_comb	4.772250	-22.459056	-42.885397	7.000000
cy80-CD45-neg-H12-S480-comb	-7.122847	7.490433	13.561457	6.000000
cy78-CD45-neg-1-H07-S571-comb	14.071967	8.478864	18.001500	7.000000
Cy71_CD45_F10_S550_comb	32.497274	-14.253423	16.555521	7.000000
monika_F2_S146_comb	-13.749148	4.140329	-6.357198	6.000000
Cy72_CD45_G04_S748_comb	-2.558802	5.021243	8.511807	8.000000
cy94_cd45neg_cd90pos_C11_S323_comb	4.603482	25.723852	5.507476	8.000000
cy80_CD_90_pos_B06_S882_comb	4.836000	0.481259	1.951283	2.000000
cy80-Cd45-pos-PD1-pos-D01-S85-comb	-4.231652	3.010006	6.403622	8.000000
cy58-1-CD45-pos-F10-S646-comb	-10.552105	6.087448	-5.383883	6.000000
cy72-CD45-pos-H05-S953-comb	2.553627	25.271271	-16.294156	6.000000
Cy71_CD45_D07_S523_comb	-5.653574	21.051818	-2.776066	6.000000
cy80-CD45-pos-PD1-pos-D09-S141-comb	21.415778	-11.209111	-15.410582	7.000000
cy78-CD45-neg-1-D04-S520-comb	26.038912	21.154401	2.098604	7.000000
cy80-CD45-neg-C01-S889-comb	10.438385	-1.158510	-2.388103	7.000000
cy84_Primary_CD45_pos_H01_S469_comb	-0.556388	-30.296522	-7.798598	1.000000
CY94CD45POS_1_A05_S101_comb	1.009982	-14.000645	-13.092124	1.000000
cy78-CD45-neg-3-B08-S692-comb	17.639799	25.687962	-12.022404	7.000000
CY88_3_E10_S634_comb	19.571598	15.688207	-12.661700	7.000000
cy79-p4-CD45-pos-PD1-pos-B08-S308-comb	-3.341475	13.770809	-11.527556	6.000000
CY89A_CD45_POS_6_D08_S140_comb	-8.896147	-15.792835	2.871509	1.000000
cy79-p4-CD45-pos-PD1-pos-G08-S368-comb	-7.078618	6.689588	0.811875	6.000000
cy79-p5-CD45-neg-PDL1-pos-G06-S750-comb	16.639396	2.586485	-3.862591	7.000000
cy79-p5-CD45-neg-PDL1-neg-A05-S773-comb	14.316882	7.391048	11.530381	7.000000
CY88_3_D09_S621_comb	17.983840	4.214238	5.052070	7.000000
CY65_POS_D_AGGCAGAA_TAGATCGC	26.967368	2.838105	2.665260	7.000000
cy79-p4-CD45-neg-PDL1-neg-H10-S1150-comb	8.298538	0.428303	-3.195835	7.000000
cy79-p4-CD45-pos-PD1-pos-F12-S360-comb	-10.703407	-7.076201	19.998690	6.000000
Cy81_Bulk_CD45_G12_S180_comb	7.851859	-6.238528	-8.042679	7.000000
CY88_5_A07_S679_comb	22.480543	-1.405210	-8.406638	7.000000
Cy80_II_CD45_A04_S868_comb	-1.856630	-8.960385	0.410560	3.000000
cy58-1-CD45-pos-B05-S593-comb	-4.982311	5.268263	-27.161755	6.000000
cy84-Primary-CD45-neg-H02-S1046-comb	4.090294	7.213941	-3.211381	7.000000
cy74-CD45-pos-F03-S735-comb	-3.053653	1.603722	-3.336850	6.000000
Cy67-CD45pos-S2-H8_S92	-22.228313	8.439739	21.975445	6.000000
Cy71_CD45_B05_S497_comb	17.057707	-4.125897	24.203932	7.000000
CY94CD45POS_1_H03_S183_comb	-3.763599	-7.579208	-1.898420	1.000000
cy79-p1-CD45-neg-PDL1-pos-AS-C1-R1-E06-S54-comb	11.903679	5.125935	0.356425	7.000000
cy81-FNA-CD45-neg-F08-S1028-comb	11.695210	-4.404247	-10.741891	7.000000
cy80-Cd45-pos-Pd1-neg-S221-B05-S221-comb	-3.349587	-27.411348	-15.349914	1.000000
cy94_cd45pos_D11_S143_comb	-8.848816	-17.918574	8.352095	8.000000
CY89NEG_H11_S95_comb	14.367681	11.261903	2.797150	7.000000
CY75_1_CD45_CD8_8__S331_comb	2.084280	6.818775	12.441635	6.000000
cy60_1_cd_45_pos_4_G12_S84_comb	-7.823012	-4.757838	1.533036	6.000000
CY94CD45POS_1_H09_S189_comb	-21.253725	-8.438729	7.948238	8.000000
Cy59_64	13.863681	13.006188	30.536138	7.000000
CY75_1_CD45_CD8_8__S321_comb	-20.299232	6.047962	-2.061836	6.000000
CY88CD45POS_2_F04_S448_comb	10.369937	-10.694573	0.380606	4.000000
cy79-p1-CD45-neg-PDL1-pos-AS-C1-R1-B07-S19-comb	12.435268	2.699667	-2.038722	7.000000
Cy71_CD45_C02_S506_comb	18.827451	25.542996	14.222080	7.000000
cy79-p3-CD45-neg-PDL1-neg-F03-S255-comb	10.265853	4.339808	-10.697979	7.000000
cy79-p5-CD45-neg-PDL1-neg-D07-S811-comb	10.640214	4.035784	-1.238515	7.000000
cy81-Bulk-CD45-neg-C03-S123-comb	12.069335	10.084405	8.271078	7.000000
CY88CD45POS_2_G06_S462_comb	-3.763492	5.710121	2.694647	5.000000
CY65_POS_A_AGAACATT_GGTCCAGA	-11.558422	5.525631	8.409648	6.000000
cy79-p5-CD45-pos-PD1-pos-D10-S622-comb	-5.082971	2.713021	3.995428	6.000000
CY84_PRIM_POS_All_8_E10_S154_comb	-12.154290	-0.975516	6.118808	5.000000
Cy81_FNA_CD45_B04_S208_comb	-6.838695	15.301077	-1.586297	6.000000
cy80-CD45-neg-H03-S951-comb	18.244370	3.470434	1.290641	7.000000
cy79-p4-CD45-pos-PD1-pos-B05-S305-comb	-9.852366	-3.725590	3.627787	6.000000
CY75_1FNA_B01_S493_comb	1.104341	0.783080	8.152112	6.000000
cy94_cd45pos_H10_S190_comb	-8.567529	-7.818755	3.710464	6.000000
CY88CD45POS_2_D06_S426_comb	12.983076	-7.025444	-0.151244	4.000000
CY75_1FNA_F07_S547_comb	-3.569195	4.406781	-3.026288	7.000000
cy80-CD45-neg-F10-S934-comb	1.629708	-10.445644	-1.494467	3.000000
Cy81_FNA_CD45_G10_S370_comb	0.168194	1.657979	-7.919635	7.000000
CY89A_Core_15_B09_S21_comb	2.610880	-23.148113	14.559082	1.000000
cy78-CD45-neg-3-E12-S732-comb	4.064947	1.602869	6.852464	7.000000
cy53-1-CD45-neg-G07-S367-comb	-3.957392	2.898401	1.656338	3.000000
cy82-CD45-pos-1-G02-S554-comb	-0.362980	1.270469	-1.038328	4.000000
CY75_1_CD45_CD8_8__S383_comb	-16.165997	15.530303	1.762694	6.000000
CY89FNA_A08_S200_comb	-6.818160	5.902593	2.315838	6.000000
cy78-CD45-neg-1-C04-S508-comb	12.743348	2.591859	14.892710	7.000000
cy60_1_cd_45_pos_3_A11_S299_comb	-7.415560	1.170035	3.538765	6.000000
CY75_1_CD45_CD8_8__S342_comb	-19.858900	0.814022	17.580560	6.000000
cy58-1-CD45-pos-A10-S586-comb	-3.571779	13.647007	12.727285	6.000000
cy82-CD45-pos-1-B12-S504-comb	3.579510	-20.901849	-13.093732	8.000000
cy88_cd_45_pos_C09_S417_comb	-6.042764	-2.996166	2.955861	6.000000
CY89A_CD45_POS_4_B11_S407_comb	9.838781	-19.090156	-3.159941	1.000000
cy79-p4-CD45-neg-PDL1-neg-C10-S1090-comb	14.330719	1.120291	0.484671	8.000000
cy79-p5-CD45-neg-PDL1-neg-H10-S862-comb	10.482221	2.356650	-2.032789	7.000000
cy74-CD45-pos-F02-S734-comb	4.730204	-14.541954	19.762614	1.000000
Cy81_FNA_CD45_B04_S304_comb	8.416355	-2.034397	-17.997770	7.000000
cy79-p1-CD45-pos-PD1-neg-AS-C1-R2-G09-S561-comb	-6.129345	-4.051146	4.220666	6.000000
CY80-neg-B12-S24-comb	12.097713	-4.763750	-6.299034	7.000000
cy72-CD45-pos-F06-S930-comb	-28.738936	-5.507482	-6.746121	6.000000
CY80-neg-D10-S46-comb	3.452223	0.891752	-4.435802	7.000000
cy94_cd45pos_G02_S170_comb	4.983151	23.940376	13.098884	6.000000
CY88_3_G09_S657_comb	25.114970	-6.780200	-2.400617	7.000000
cy80-CD45-neg-B08-S884-comb	19.175475	-8.439095	-2.814095	7.000000
Cy74_CD45_G01_S457_comb	-5.336015	-6.974739	7.862919	6.000000
CY75_1_CD45_CD8_3__S174_comb	-7.526048	-0.072148	1.867364	6.000000
cy79-p5-CD45-pos-PD1-pos-F06-S642-comb	-15.285108	4.497988	-2.521216	6.000000
CY67_NEG_A_CAGAGAGG_AAGGAGTA	-9.027048	-0.862270	-2.966546	6.000000
cy72-CD45-pos-C06-S894-comb	-26.340528	-11.100552	-10.702487	6.000000
cy80-Cd45-pos-Pd1-neg-S247-C07-S247-comb	-0.570975	-14.317465	1.111428	1.000000
cy53-1-CD45-pos-1-D10-S46-comb	-2.854852	8.429565	1.333991	6.000000
cy88_cd_45_pos_G02_S458_comb	-8.919826	5.551174	3.275681	6.000000
CY75_1_CD45_CD8_7__S260_comb	-19.862292	2.108768	-0.161006	6.000000
cy72-CD45-pos-G11-S947-comb	-6.687629	-6.671253	0.044279	6.000000
cy94_cd45neg_cd90pos_E10_S346_comb	-8.660767	-10.397689	-6.581964	8.000000
CY89NEG_B08_S20_comb	8.709537	-0.552713	6.250322	7.000000
cy79-p5-CD45-pos-PD1-pos-H06-S666-comb	-8.901800	5.741959	-0.789365	6.000000
CY75_1_CD45_CD8_7__S215_comb	-8.928738	3.165984	-1.188049	6.000000
cy94_cd45neg_cd90pos_B11_S311_comb	-2.910972	4.975847	5.757041	6.000000
cy53-1-CD45-pos-1-C10-S34-comb	-7.113877	5.216532	-2.137513	6.000000
cy79-p5-CD45-pos-PD1-pos-E04-S628-comb	1.898946	5.884656	-7.428015	6.000000
cy80-CD45-pos-PD1-pos-A05-S101-comb	3.046112	8.763959	-37.255848	6.000000
CY94CD45POS_1_G10_S178_comb	4.364097	-25.570078	-8.559168	1.000000
cy84-Primary-CD45-neg-A12-S972-comb	14.903471	-13.755735	-5.003060	3.000000
Cy72_CD45_D09_S717_comb	4.791329	-1.809525	0.954622	6.000000
CY88_3_B08_S596_comb	23.457685	2.730506	0.141830	7.000000
CY88_3_B12_S600_comb	20.430735	-11.620131	2.764051	7.000000
cy79-p5-CD45-neg-PDL1-pos-C07-S703-comb	24.684654	-5.073681	-20.860480	7.000000
cy80-CD45-neg-G09-S945-comb	4.227252	-10.542955	-5.351035	7.000000
cy79-p5-CD45-pos-PD1-pos-F01-S637-comb	-17.272922	2.916610	6.082788	6.000000
cy79-p5-CD45-neg-PDL1-pos-G04-S748-comb	10.173822	2.027017	-6.257335	7.000000
cy74-CD45-pos-E09-S729-comb	-6.538506	12.059293	-6.239066	6.000000
cy79-p3-CD45-pos-PD1-pos-AS-C2-R1-F08-S452-comb	-12.378183	4.497880	-26.106997	6.000000
cy58-1-CD45-pos-G09-S657-comb	-15.828943	10.392007	2.745326	6.000000
