ID	x	y	z	cluster
mouse1_lib1.final_cell_0001	-5.066966	3.252858	2.409149	1.000000
mouse1_lib1.final_cell_0002	1.968396	3.083017	-3.297729	3.000000
mouse1_lib1.final_cell_0003	-10.923509	-4.572450	-5.859646	1.000000
mouse1_lib1.final_cell_0004	3.616521	1.520947	-0.370772	5.000000
mouse1_lib1.final_cell_0005	-6.514453	-12.123646	-7.342607	1.000000
mouse1_lib1.final_cell_0006	-7.794506	2.355529	-3.914229	1.000000
mouse1_lib1.final_cell_0007	-7.822265	1.180488	3.560513	1.000000
mouse1_lib1.final_cell_0008	-8.601482	-0.602409	-4.344033	1.000000
mouse1_lib1.final_cell_0009	-9.453952	-6.525773	0.391975	1.000000
mouse1_lib1.final_cell_0010	2.644834	7.627556	-3.601414	3.000000
mouse1_lib1.final_cell_0011	7.560459	3.490743	-3.359484	3.000000
mouse1_lib1.final_cell_0012	-9.415608	-6.039112	4.236142	1.000000
mouse1_lib1.final_cell_0013	-7.601106	3.500653	1.393450	1.000000
mouse1_lib1.final_cell_0014	-5.853744	4.370628	-0.338739	1.000000
mouse1_lib1.final_cell_0015	-25.501156	-0.493738	-11.356559	1.000000
mouse1_lib1.final_cell_0016	3.949594	2.076075	0.157916	3.000000
mouse1_lib1.final_cell_0017	-18.700613	3.060192	7.968251	1.000000
mouse1_lib1.final_cell_0018	3.673241	0.000765	-5.205285	6.000000
mouse1_lib1.final_cell_0019	-0.132207	5.748021	-2.189032	3.000000
mouse1_lib1.final_cell_0020	4.536323	2.593666	0.916626	3.000000
mouse1_lib1.final_cell_0021	-4.763411	11.100746	-4.922765	1.000000
mouse1_lib1.final_cell_0022	-7.041510	0.304598	-2.563339	1.000000
mouse1_lib1.final_cell_0023	-10.205728	1.475414	-3.909727	1.000000
mouse1_lib1.final_cell_0024	-1.964500	-8.567404	-7.911612	1.000000
mouse1_lib1.final_cell_0025	4.126873	-5.112070	6.144486	6.000000
mouse1_lib1.final_cell_0026	-0.299903	2.370029	0.038884	2.000000
mouse1_lib1.final_cell_0027	2.726457	2.732271	0.695167	3.000000
mouse1_lib1.final_cell_0028	12.409034	8.384546	-0.081600	3.000000
mouse1_lib1.final_cell_0029	-8.972128	-2.133167	-2.767045	1.000000
mouse1_lib1.final_cell_0030	6.380654	2.973349	3.978294	3.000000
mouse1_lib1.final_cell_0031	0.949621	3.299657	-5.229088	3.000000
mouse1_lib1.final_cell_0032	7.559546	4.460571	0.513655	3.000000
mouse1_lib1.final_cell_0033	18.823959	1.820438	3.121308	1.000000
mouse1_lib1.final_cell_0034	-10.054551	7.611131	-2.149453	1.000000
mouse1_lib1.final_cell_0035	-12.375449	-1.855760	-7.906023	1.000000
mouse1_lib1.final_cell_0036	10.108012	0.725653	-6.739058	3.000000
mouse1_lib1.final_cell_0037	3.556339	1.552033	0.253871	3.000000
mouse1_lib1.final_cell_0038	-0.333452	4.198164	-3.760659	3.000000
mouse1_lib1.final_cell_0039	-1.838061	-5.850116	-4.918123	1.000000
mouse1_lib1.final_cell_0040	-14.845688	-3.298398	-4.745605	1.000000
mouse1_lib1.final_cell_0041	-8.757283	1.004188	-2.162200	1.000000
mouse1_lib1.final_cell_0042	8.709518	3.302691	-1.219603	3.000000
mouse1_lib1.final_cell_0043	-6.786955	-2.399445	-2.272853	1.000000
mouse1_lib1.final_cell_0044	1.237767	2.344299	-0.796223	2.000000
mouse1_lib1.final_cell_0045	-9.756168	2.698947	0.085990	1.000000
mouse1_lib1.final_cell_0046	-8.825877	9.958628	-5.033018	1.000000
mouse1_lib1.final_cell_0047	19.765947	-1.204134	11.258250	1.000000
mouse1_lib1.final_cell_0048	1.193412	3.714245	-1.867307	3.000000
mouse1_lib1.final_cell_0049	-12.125517	7.808024	-7.573829	1.000000
mouse1_lib1.final_cell_0050	5.509251	0.899867	1.993701	3.000000
mouse1_lib1.final_cell_0051	11.868313	-11.315515	6.354202	1.000000
mouse1_lib1.final_cell_0052	-7.104325	-3.051335	-9.751161	1.000000
mouse1_lib1.final_cell_0053	0.872693	6.079553	1.259572	3.000000
mouse1_lib1.final_cell_0054	2.791756	3.420654	0.155838	3.000000
mouse1_lib1.final_cell_0055	4.330888	3.312323	-0.036425	3.000000
mouse1_lib1.final_cell_0056	0.264206	-7.422327	0.925868	1.000000
mouse1_lib1.final_cell_0057	14.285757	0.841516	0.283511	3.000000
mouse1_lib1.final_cell_0058	2.805776	1.168855	-0.090548	2.000000
mouse1_lib1.final_cell_0059	5.667035	-2.378212	1.380124	3.000000
mouse1_lib1.final_cell_0060	-10.783531	12.707065	-10.234250	1.000000
mouse1_lib1.final_cell_0061	-10.058309	4.913306	-0.152308	1.000000
mouse1_lib1.final_cell_0062	7.035269	-0.418318	-5.162517	3.000000
mouse1_lib1.final_cell_0063	4.104651	2.588399	-0.793042	3.000000
mouse1_lib1.final_cell_0064	-0.866142	1.227284	1.739103	2.000000
mouse1_lib1.final_cell_0065	-3.003625	14.639523	0.851924	1.000000
mouse1_lib1.final_cell_0066	-17.373804	11.926623	-8.182610	1.000000
mouse1_lib1.final_cell_0067	3.377637	1.746052	0.700941	3.000000
mouse1_lib1.final_cell_0068	-0.909017	6.950514	-5.736761	1.000000
mouse1_lib1.final_cell_0069	-1.922375	1.257218	3.597074	2.000000
mouse1_lib1.final_cell_0070	6.768138	-3.849884	0.562695	3.000000
mouse1_lib1.final_cell_0071	-15.124676	0.744167	-5.594323	1.000000
mouse1_lib1.final_cell_0072	-12.433307	3.433169	-0.797866	1.000000
mouse1_lib1.final_cell_0073	-2.392666	2.262009	-0.197064	2.000000
mouse1_lib1.final_cell_0074	1.091788	-7.617032	-11.723863	1.000000
mouse1_lib1.final_cell_0075	-3.603639	-0.205491	7.571583	1.000000
mouse1_lib1.final_cell_0076	3.723705	-4.170181	-2.256589	3.000000
mouse1_lib1.final_cell_0077	-11.002508	13.398685	7.171493	1.000000
mouse1_lib1.final_cell_0078	6.123474	0.812411	-1.564469	3.000000
mouse1_lib1.final_cell_0079	9.996668	-0.145729	3.015395	6.000000
mouse1_lib1.final_cell_0080	-2.779308	-6.600114	0.669913	1.000000
mouse1_lib1.final_cell_0081	7.519839	-1.524931	9.098977	3.000000
mouse1_lib1.final_cell_0082	6.226267	0.525612	-0.351408	3.000000
mouse1_lib1.final_cell_0083	2.504246	-7.121193	12.340466	1.000000
mouse1_lib1.final_cell_0084	9.879066	-4.440982	-9.087261	1.000000
mouse1_lib1.final_cell_0085	3.456729	1.082827	-1.161475	3.000000
mouse1_lib1.final_cell_0086	-5.332621	0.758103	-0.284192	1.000000
mouse1_lib1.final_cell_0087	3.208082	1.679409	-0.412688	3.000000
mouse1_lib1.final_cell_0088	4.336416	0.213272	-0.517600	3.000000
mouse1_lib1.final_cell_0089	-12.803052	-10.662824	-1.711080	1.000000
mouse1_lib1.final_cell_0090	5.272568	2.215079	2.755504	3.000000
mouse1_lib1.final_cell_0091	2.888230	-11.188245	-5.150212	1.000000
mouse1_lib1.final_cell_0092	0.183116	-0.612732	-0.519108	2.000000
mouse1_lib1.final_cell_0093	-2.317705	2.675343	6.809168	1.000000
mouse1_lib1.final_cell_0094	-17.857462	10.653271	0.304400	1.000000
mouse1_lib1.final_cell_0095	3.616406	-3.676068	-0.154845	3.000000
mouse1_lib1.final_cell_0096	-20.035264	9.440827	6.912810	1.000000
mouse1_lib1.final_cell_0097	-7.924793	6.052072	-4.382865	1.000000
mouse1_lib1.final_cell_0098	4.726492	-0.524948	1.957812	3.000000
mouse1_lib1.final_cell_0099	4.130089	-6.030152	-4.500306	3.000000
mouse1_lib1.final_cell_0100	0.439607	-2.084286	2.772722	2.000000
mouse1_lib1.final_cell_0101	-7.723465	-4.897207	-6.766277	1.000000
mouse1_lib1.final_cell_0102	-1.459286	0.206904	-3.208693	2.000000
mouse1_lib1.final_cell_0103	0.156628	11.925205	9.335443	1.000000
mouse1_lib1.final_cell_0104	3.616389	2.085248	-9.266842	3.000000
mouse1_lib1.final_cell_0105	2.907165	-1.844907	-1.481754	6.000000
mouse1_lib1.final_cell_0106	-10.921919	-0.971197	2.647153	1.000000
mouse1_lib1.final_cell_0107	12.495737	2.280436	-4.661178	6.000000
mouse1_lib1.final_cell_0108	-1.969485	18.630885	-10.270952	1.000000
mouse1_lib1.final_cell_0109	-5.723534	-3.464932	0.189903	1.000000
mouse1_lib1.final_cell_0110	0.110561	-2.691546	-4.103089	6.000000
mouse1_lib1.final_cell_0111	-2.119526	4.182757	-6.895593	1.000000
mouse1_lib1.final_cell_0112	2.473422	-6.003460	-1.450372	4.000000
mouse1_lib1.final_cell_0113	-13.492113	-0.994592	1.628679	1.000000
mouse1_lib1.final_cell_0114	-8.772262	-10.237082	-0.712275	1.000000
mouse1_lib1.final_cell_0115	2.192869	1.230554	0.245416	2.000000
mouse1_lib1.final_cell_0116	-0.737969	-6.418464	-0.156652	4.000000
mouse1_lib1.final_cell_0117	2.351483	-1.974722	-7.403806	1.000000
mouse1_lib1.final_cell_0118	-4.539369	2.186920	-9.269753	1.000000
mouse1_lib1.final_cell_0119	-5.635504	4.399096	-4.875451	1.000000
mouse1_lib1.final_cell_0120	1.110130	1.531717	-3.383014	2.000000
mouse1_lib1.final_cell_0121	-14.709614	-4.931701	8.187331	1.000000
mouse1_lib1.final_cell_0122	-6.421426	-0.339933	2.089965	1.000000
mouse1_lib1.final_cell_0123	-16.821277	6.091022	-6.077018	1.000000
mouse1_lib1.final_cell_0124	4.417735	-7.100836	1.394344	4.000000
mouse1_lib1.final_cell_0125	-1.908940	-11.234693	4.013694	1.000000
mouse1_lib1.final_cell_0126	9.821522	5.535851	-0.275186	6.000000
mouse1_lib1.final_cell_0127	3.296934	1.892584	-0.183503	3.000000
mouse1_lib1.final_cell_0128	-3.769059	-9.371516	-1.994454	1.000000
mouse1_lib1.final_cell_0129	-13.634404	3.936152	14.769624	1.000000
mouse1_lib1.final_cell_0130	5.976651	-0.351595	13.019444	1.000000
mouse1_lib1.final_cell_0131	-16.263578	-1.381342	11.912501	1.000000
mouse1_lib1.final_cell_0132	11.387115	-3.197742	8.300565	1.000000
mouse1_lib1.final_cell_0133	2.323862	3.500385	4.434720	3.000000
mouse1_lib1.final_cell_0134	-13.321311	0.047264	-13.162067	1.000000
mouse1_lib1.final_cell_0135	2.552154	4.810101	2.867140	3.000000
mouse1_lib1.final_cell_0136	7.184961	-10.315909	-2.155978	1.000000
mouse1_lib1.final_cell_0137	-12.639241	1.186706	3.021764	1.000000
mouse1_lib1.final_cell_0138	-1.332345	12.776605	-7.613513	1.000000
mouse1_lib1.final_cell_0139	4.002413	-5.670432	-0.449288	1.000000
mouse1_lib1.final_cell_0140	4.260398	-0.003043	2.301335	3.000000
mouse1_lib1.final_cell_0141	-4.739206	1.800857	-5.538086	1.000000
mouse1_lib1.final_cell_0142	-4.221708	8.802982	4.259167	1.000000
mouse1_lib1.final_cell_0143	1.827734	7.792004	10.748245	1.000000
mouse1_lib1.final_cell_0144	-12.972190	4.286511	2.187167	1.000000
mouse1_lib1.final_cell_0145	-2.576772	-1.921553	3.491058	2.000000
mouse1_lib1.final_cell_0146	1.906240	-11.665656	-0.850177	1.000000
mouse1_lib1.final_cell_0147	-5.566377	-8.051617	-6.067110	1.000000
mouse1_lib1.final_cell_0148	-5.523610	-7.331886	4.703336	1.000000
mouse1_lib1.final_cell_0149	9.673605	-12.595406	1.190544	1.000000
mouse1_lib1.final_cell_0150	-2.095083	-19.639722	-2.683618	1.000000
mouse1_lib1.final_cell_0151	5.513151	-0.417216	-3.863264	3.000000
mouse1_lib1.final_cell_0152	-20.406879	-12.054391	1.737415	1.000000
mouse1_lib1.final_cell_0153	3.670336	1.309221	0.383713	3.000000
mouse1_lib1.final_cell_0154	5.030641	5.363304	-17.603210	1.000000
mouse1_lib1.final_cell_0155	4.244751	3.997676	-2.682645	3.000000
mouse1_lib1.final_cell_0156	7.505278	-16.676631	3.591726	1.000000
mouse1_lib1.final_cell_0157	2.294369	0.565983	2.222027	2.000000
mouse1_lib1.final_cell_0158	14.533889	2.442975	8.091530	1.000000
mouse1_lib1.final_cell_0159	2.215290	1.214327	-0.975922	3.000000
mouse1_lib1.final_cell_0160	1.651760	-6.337883	-0.414867	4.000000
mouse1_lib1.final_cell_0161	3.778703	-9.682445	-2.160692	1.000000
mouse1_lib1.final_cell_0162	-0.676041	-2.120011	-1.269011	4.000000
mouse1_lib1.final_cell_0163	-6.797433	-1.022810	-0.154064	1.000000
mouse1_lib1.final_cell_0164	-9.191597	-19.859004	8.186891	1.000000
mouse1_lib1.final_cell_0165	3.806314	1.487523	-0.504650	3.000000
mouse1_lib1.final_cell_0166	-11.439946	2.376559	-7.124528	1.000000
mouse1_lib1.final_cell_0167	13.707131	1.303722	-15.345825	1.000000
mouse1_lib1.final_cell_0168	-4.802405	-0.953762	-3.561910	1.000000
mouse1_lib1.final_cell_0169	9.213311	0.336374	-10.651260	1.000000
mouse1_lib1.final_cell_0170	-4.884652	7.283933	12.660995	1.000000
mouse1_lib1.final_cell_0171	-11.292845	-2.976507	9.603468	1.000000
mouse1_lib1.final_cell_0172	-9.960752	0.147123	0.735029	1.000000
mouse1_lib1.final_cell_0173	-17.537626	-2.178492	1.359484	1.000000
mouse1_lib1.final_cell_0174	-13.312636	15.042509	2.573744	1.000000
mouse1_lib1.final_cell_0175	2.582422	3.031197	-0.054008	3.000000
mouse1_lib1.final_cell_0176	4.761300	1.873914	-0.686509	3.000000
mouse1_lib1.final_cell_0177	-3.360192	-3.937603	8.471917	1.000000
mouse1_lib1.final_cell_0178	9.238071	2.734764	1.272961	3.000000
mouse1_lib1.final_cell_0179	5.432156	-14.575779	6.811607	1.000000
mouse1_lib1.final_cell_0180	-6.939169	-2.040260	6.358272	1.000000
mouse1_lib1.final_cell_0181	-1.676495	-0.807793	4.499129	1.000000
mouse1_lib1.final_cell_0182	0.150915	0.632001	0.172775	2.000000
mouse1_lib1.final_cell_0183	9.854302	-0.565404	5.924249	3.000000
mouse1_lib1.final_cell_0184	4.471517	1.048850	-1.023056	3.000000
mouse1_lib1.final_cell_0185	8.608423	0.683605	0.960058	3.000000
mouse1_lib1.final_cell_0186	3.756687	5.406839	6.660773	1.000000
mouse1_lib1.final_cell_0187	-3.110770	1.653958	2.011609	2.000000
mouse1_lib1.final_cell_0188	3.850239	0.486677	5.118843	2.000000
mouse1_lib1.final_cell_0189	7.809560	11.492065	-2.310909	1.000000
mouse1_lib1.final_cell_0190	-10.760913	11.269697	0.002059	1.000000
mouse1_lib1.final_cell_0191	-10.990608	0.788967	-0.643539	1.000000
mouse1_lib1.final_cell_0192	3.607018	1.190248	-0.899612	3.000000
mouse1_lib1.final_cell_0193	2.061202	1.615119	4.933764	3.000000
mouse1_lib1.final_cell_0194	3.888236	0.699267	1.332716	3.000000
mouse1_lib1.final_cell_0195	0.000302	0.327747	-8.581077	6.000000
mouse1_lib1.final_cell_0196	-3.692525	-14.563481	10.335682	1.000000
mouse1_lib1.final_cell_0197	-2.551751	-14.341314	-9.478711	1.000000
mouse1_lib1.final_cell_0198	-4.095024	10.047891	9.514196	1.000000
mouse1_lib1.final_cell_0199	-0.745556	-11.474934	-5.967746	1.000000
mouse1_lib1.final_cell_0200	3.309399	2.085401	0.868136	3.000000
mouse1_lib1.final_cell_0201	1.655423	-3.107532	-0.216043	3.000000
mouse1_lib1.final_cell_0202	1.271122	-3.929094	0.856465	3.000000
mouse1_lib1.final_cell_0203	2.735212	-1.487514	2.009814	2.000000
mouse1_lib1.final_cell_0204	0.212744	2.718911	1.667668	2.000000
mouse1_lib1.final_cell_0205	2.639788	9.990525	3.483146	1.000000
mouse1_lib1.final_cell_0206	-1.451919	11.441720	4.839264	1.000000
mouse1_lib1.final_cell_0207	11.225647	-0.628557	0.788156	6.000000
mouse1_lib1.final_cell_0208	1.405232	-0.090767	1.393842	2.000000
mouse1_lib1.final_cell_0209	-7.515932	3.796598	12.736685	1.000000
mouse1_lib1.final_cell_0210	8.785313	1.695669	-2.998408	3.000000
mouse1_lib1.final_cell_0211	-4.164304	-6.031768	5.559631	1.000000
mouse1_lib1.final_cell_0212	10.969402	17.141448	4.301373	1.000000
mouse1_lib1.final_cell_0213	-3.232700	-8.164966	7.535851	1.000000
mouse1_lib1.final_cell_0214	-12.377352	3.861614	7.222766	1.000000
mouse1_lib1.final_cell_0215	3.481511	1.762354	-0.275748	3.000000
mouse1_lib1.final_cell_0216	10.062134	-15.480558	9.595246	1.000000
mouse1_lib1.final_cell_0217	-7.518398	9.206571	-13.710611	1.000000
mouse1_lib1.final_cell_0218	-2.966542	15.943044	5.034061	1.000000
mouse1_lib1.final_cell_0219	-13.277686	-6.506855	-10.527421	1.000000
mouse1_lib1.final_cell_0220	9.717873	-10.380499	12.234944	1.000000
mouse1_lib1.final_cell_0221	2.071335	0.619056	0.813275	3.000000
mouse1_lib1.final_cell_0222	3.777315	1.343054	0.070062	6.000000
mouse1_lib1.final_cell_0223	-5.832638	-6.902188	9.587786	1.000000
mouse1_lib1.final_cell_0224	-8.451419	4.989189	17.909072	1.000000
mouse1_lib1.final_cell_0225	13.620780	6.746678	-4.459098	1.000000
mouse1_lib1.final_cell_0226	9.587006	-17.857869	-1.335516	1.000000
mouse1_lib1.final_cell_0227	9.915096	-7.407269	-4.893418	3.000000
mouse1_lib1.final_cell_0228	0.085230	-4.767160	-21.207387	1.000000
mouse1_lib1.final_cell_0229	-9.416513	-3.063569	2.383652	1.000000
mouse1_lib1.final_cell_0230	-8.234456	0.057362	0.772511	1.000000
mouse1_lib1.final_cell_0231	2.185042	-16.291053	-7.201133	1.000000
mouse1_lib1.final_cell_0232	6.883487	6.247687	-0.219515	3.000000
mouse1_lib1.final_cell_0233	1.935738	1.274485	-0.218842	2.000000
mouse1_lib1.final_cell_0234	6.244820	3.729526	-0.818994	6.000000
mouse1_lib1.final_cell_0235	2.374579	-0.613017	1.963368	2.000000
mouse1_lib1.final_cell_0236	5.992637	3.695844	0.892373	3.000000
mouse1_lib1.final_cell_0237	10.543562	-7.486323	2.115862	6.000000
mouse1_lib1.final_cell_0238	2.693641	2.065576	-1.846086	3.000000
mouse1_lib1.final_cell_0239	5.058740	-0.976802	0.691814	3.000000
mouse1_lib1.final_cell_0240	1.838825	11.387516	-15.665960	1.000000
mouse1_lib1.final_cell_0241	-14.897008	3.413021	-10.346309	1.000000
mouse1_lib1.final_cell_0242	-3.081749	-8.042464	5.618481	1.000000
mouse1_lib1.final_cell_0243	1.799271	-12.043718	-16.395239	1.000000
mouse1_lib1.final_cell_0244	4.408326	1.274366	0.206701	3.000000
mouse1_lib1.final_cell_0245	10.644924	3.374374	7.904061	1.000000
mouse1_lib1.final_cell_0246	1.591314	-8.285640	-2.811382	1.000000
mouse1_lib1.final_cell_0247	-17.038849	-2.707113	-11.606253	1.000000
mouse1_lib1.final_cell_0248	-4.982733	-0.268294	20.749921	1.000000
mouse1_lib1.final_cell_0249	5.812381	4.356672	2.409063	3.000000
mouse1_lib1.final_cell_0250	4.082967	-1.659340	-0.837639	3.000000
mouse1_lib1.final_cell_0251	3.977430	7.840802	4.967325	2.000000
mouse1_lib1.final_cell_0252	-3.815759	-12.802738	5.771607	1.000000
mouse1_lib1.final_cell_0253	0.497745	-4.521899	2.652362	6.000000
mouse1_lib1.final_cell_0254	7.759562	-5.314862	-3.265927	1.000000
mouse1_lib1.final_cell_0255	0.949067	-0.964084	3.266896	3.000000
mouse1_lib1.final_cell_0256	5.915545	0.769623	4.275538	3.000000
mouse1_lib1.final_cell_0257	-8.713991	2.759487	7.643288	1.000000
mouse1_lib1.final_cell_0258	5.962253	10.506187	0.577677	3.000000
mouse1_lib1.final_cell_0259	1.866280	-8.019036	-6.071911	1.000000
mouse1_lib1.final_cell_0260	6.082314	-1.272853	2.899125	3.000000
mouse1_lib1.final_cell_0261	-0.254201	0.100670	-1.393314	3.000000
mouse1_lib1.final_cell_0262	2.234789	-2.389391	-0.365538	3.000000
mouse1_lib1.final_cell_0263	1.394459	-4.702904	-1.175590	4.000000
mouse1_lib1.final_cell_0264	12.807028	10.847666	3.566941	3.000000
mouse1_lib1.final_cell_0265	-9.452948	0.827711	-0.892817	4.000000
mouse1_lib1.final_cell_0266	1.603700	1.962490	0.253246	3.000000
mouse1_lib1.final_cell_0267	19.363629	11.236351	-3.167926	3.000000
mouse1_lib1.final_cell_0268	-3.124672	16.839087	-4.161705	1.000000
mouse1_lib1.final_cell_0269	0.673372	-3.147457	-0.847475	3.000000
mouse1_lib1.final_cell_0270	-7.362032	7.552151	5.021158	1.000000
mouse1_lib1.final_cell_0271	6.547909	-4.353656	-5.835238	3.000000
mouse1_lib1.final_cell_0272	3.556249	5.047580	0.356865	3.000000
mouse1_lib1.final_cell_0273	5.063250	6.863721	0.613626	3.000000
mouse1_lib1.final_cell_0274	3.797152	1.976916	1.577124	3.000000
mouse1_lib1.final_cell_0275	0.550521	0.240228	3.056519	2.000000
mouse1_lib1.final_cell_0276	-1.037330	-0.159642	0.857471	2.000000
mouse1_lib1.final_cell_0277	3.317478	0.861879	-0.198190	3.000000
mouse1_lib2.final_cell_0001	-6.812929	4.246047	4.431630	1.000000
mouse1_lib2.final_cell_0002	5.458751	2.322618	-1.077699	5.000000
mouse1_lib2.final_cell_0003	-5.018434	5.710154	-8.311943	1.000000
mouse1_lib2.final_cell_0004	6.456978	-4.068015	-10.746926	1.000000
mouse1_lib2.final_cell_0005	-10.230989	1.018289	3.853008	1.000000
mouse1_lib2.final_cell_0006	-7.738722	6.666501	8.832007	1.000000
mouse1_lib2.final_cell_0007	9.416391	3.763173	-5.735015	3.000000
mouse1_lib2.final_cell_0008	-5.480331	2.826006	-2.656288	1.000000
mouse1_lib2.final_cell_0009	5.496142	-6.587617	-8.917912	1.000000
mouse1_lib2.final_cell_0010	4.175420	2.460926	-3.191607	5.000000
mouse1_lib2.final_cell_0011	10.118634	8.597037	-5.280467	3.000000
mouse1_lib2.final_cell_0012	2.959866	2.369570	-4.445544	3.000000
mouse1_lib2.final_cell_0013	3.789678	5.680848	-2.502569	3.000000
mouse1_lib2.final_cell_0014	8.127747	-2.093026	-8.393059	6.000000
mouse1_lib2.final_cell_0015	-15.257305	-8.542026	4.536959	1.000000
mouse1_lib2.final_cell_0016	1.574316	0.614251	-4.701539	3.000000
mouse1_lib2.final_cell_0017	2.744618	6.676018	1.789371	3.000000
mouse1_lib2.final_cell_0018	0.869245	3.765410	2.814740	2.000000
mouse1_lib2.final_cell_0019	14.788171	0.277081	15.954251	1.000000
mouse1_lib2.final_cell_0020	7.322307	2.240934	2.310441	3.000000
mouse1_lib2.final_cell_0021	4.772567	6.618125	-5.376455	3.000000
mouse1_lib2.final_cell_0022	11.735621	4.332542	1.859167	3.000000
mouse1_lib2.final_cell_0023	3.513577	2.920482	0.119118	3.000000
mouse1_lib2.final_cell_0024	3.879477	-1.167978	-3.529707	3.000000
mouse1_lib2.final_cell_0025	-6.651940	-3.135324	10.115333	1.000000
mouse1_lib2.final_cell_0026	3.276529	2.302033	-0.010263	3.000000
mouse1_lib2.final_cell_0027	15.882446	5.838050	0.452950	3.000000
mouse1_lib2.final_cell_0028	3.524663	4.576662	-0.898287	3.000000
mouse1_lib2.final_cell_0029	3.152608	6.507337	-0.661353	3.000000
mouse1_lib2.final_cell_0030	3.813037	4.112209	-6.192374	3.000000
mouse1_lib2.final_cell_0031	2.676362	0.643692	0.271863	2.000000
mouse1_lib2.final_cell_0032	-11.311968	-1.217058	0.033013	1.000000
mouse1_lib2.final_cell_0033	-10.165173	2.043235	-1.650600	1.000000
mouse1_lib2.final_cell_0034	-6.402035	0.686674	7.208503	1.000000
mouse1_lib2.final_cell_0035	6.469999	4.006920	-5.656879	2.000000
mouse1_lib2.final_cell_0036	3.268195	8.642107	0.876157	3.000000
mouse1_lib2.final_cell_0037	-15.081222	-0.108047	7.310450	1.000000
mouse1_lib2.final_cell_0038	-10.008075	-0.404510	-1.549584	1.000000
mouse1_lib2.final_cell_0039	-12.548890	1.444661	-2.620298	1.000000
mouse1_lib2.final_cell_0040	2.752529	4.093257	-2.424844	3.000000
mouse1_lib2.final_cell_0041	-8.409375	1.716072	-0.487751	1.000000
mouse1_lib2.final_cell_0042	-0.598936	8.120216	-2.991944	1.000000
mouse1_lib2.final_cell_0043	4.639592	1.730912	0.042037	3.000000
mouse1_lib2.final_cell_0044	-20.085303	1.382477	-6.926854	1.000000
mouse1_lib2.final_cell_0045	5.125767	5.728468	-1.116487	3.000000
mouse1_lib2.final_cell_0046	0.488467	-1.226287	-5.753550	2.000000
mouse1_lib2.final_cell_0047	3.795118	2.002819	0.069825	3.000000
mouse1_lib2.final_cell_0048	2.156522	0.644110	0.275544	2.000000
mouse1_lib2.final_cell_0049	-0.777111	-3.000898	5.998557	1.000000
mouse1_lib2.final_cell_0050	2.276748	-1.702903	-4.139746	2.000000
mouse1_lib2.final_cell_0051	2.303806	3.408792	2.031776	3.000000
mouse1_lib2.final_cell_0052	3.307151	1.423806	-0.166140	3.000000
mouse1_lib2.final_cell_0053	-7.840320	-12.593929	7.322829	1.000000
mouse1_lib2.final_cell_0054	4.244143	3.348813	2.367286	3.000000
mouse1_lib2.final_cell_0055	-0.219621	0.048824	0.302896	2.000000
mouse1_lib2.final_cell_0056	0.200817	1.110831	4.805267	2.000000
mouse1_lib2.final_cell_0057	-5.063271	-1.033774	-1.457420	4.000000
mouse1_lib2.final_cell_0058	-16.009642	7.360894	10.861218	1.000000
mouse1_lib2.final_cell_0059	3.240478	2.202806	-0.339496	3.000000
mouse1_lib2.final_cell_0060	4.072893	1.055379	3.365622	1.000000
mouse1_lib2.final_cell_0061	-14.635627	-4.519186	3.661927	1.000000
mouse1_lib2.final_cell_0062	-7.609182	2.817342	-7.479697	1.000000
mouse1_lib2.final_cell_0063	8.016174	-2.217864	3.761811	1.000000
mouse1_lib2.final_cell_0064	-3.525703	1.930829	-2.772616	1.000000
mouse1_lib2.final_cell_0065	-16.314303	16.372442	-2.417770	1.000000
mouse1_lib2.final_cell_0066	6.422622	2.361610	-1.906602	3.000000
mouse1_lib2.final_cell_0067	-3.541284	-11.981026	-4.152949	1.000000
mouse1_lib2.final_cell_0068	3.984909	2.768909	-0.998109	3.000000
mouse1_lib2.final_cell_0069	1.289700	0.975238	1.623585	2.000000
mouse1_lib2.final_cell_0070	-8.223574	3.371571	-1.605161	1.000000
mouse1_lib2.final_cell_0071	3.075527	-0.082404	0.801642	3.000000
mouse1_lib2.final_cell_0072	3.359178	1.450273	-0.177174	3.000000
mouse1_lib2.final_cell_0073	-13.534834	-16.100941	0.522188	1.000000
mouse1_lib2.final_cell_0074	-5.687215	6.348733	-1.791368	1.000000
mouse1_lib2.final_cell_0075	-5.537574	-10.062607	3.064771	1.000000
mouse1_lib2.final_cell_0076	-9.070035	-1.444382	0.204530	1.000000
mouse1_lib2.final_cell_0077	3.803050	0.126596	-2.289801	3.000000
mouse1_lib2.final_cell_0078	1.876250	-1.668344	1.191175	2.000000
mouse1_lib2.final_cell_0079	3.280381	-0.116802	-0.318255	4.000000
mouse1_lib2.final_cell_0080	6.302646	18.124479	-3.966768	1.000000
mouse1_lib2.final_cell_0081	4.029330	1.759456	-0.715650	3.000000
mouse1_lib2.final_cell_0082	-6.161640	-2.823191	-13.481309	1.000000
mouse1_lib2.final_cell_0083	4.537535	1.630138	-0.588326	3.000000
mouse1_lib2.final_cell_0084	-0.772883	1.985722	-5.511849	1.000000
mouse1_lib2.final_cell_0085	12.568205	-9.098347	-10.823524	1.000000
mouse1_lib2.final_cell_0086	-4.015989	12.324099	-12.590777	1.000000
mouse1_lib2.final_cell_0087	10.912232	4.717453	-9.296102	1.000000
mouse1_lib2.final_cell_0088	2.987388	-4.555599	0.575702	4.000000
mouse1_lib2.final_cell_0089	-0.810754	-7.862313	20.725622	1.000000
mouse1_lib2.final_cell_0090	-16.852535	1.913686	2.269084	1.000000
mouse1_lib2.final_cell_0091	-5.107202	-9.664122	5.744488	1.000000
mouse1_lib2.final_cell_0092	5.415540	1.253311	-13.506922	1.000000
mouse1_lib2.final_cell_0093	8.761439	-1.162011	-3.732190	6.000000
mouse1_lib2.final_cell_0094	-10.749671	-9.010690	-6.598030	1.000000
mouse1_lib2.final_cell_0095	-1.326855	3.839178	2.422304	2.000000
mouse1_lib2.final_cell_0096	-19.380160	-5.152909	-6.990482	1.000000
mouse1_lib2.final_cell_0097	-11.338875	-3.412259	5.764619	1.000000
mouse1_lib2.final_cell_0098	-23.200218	-5.005998	11.063367	1.000000
mouse1_lib2.final_cell_0099	2.780386	-4.361505	-1.237992	4.000000
mouse1_lib2.final_cell_0100	6.427939	3.117993	-0.353062	3.000000
mouse1_lib2.final_cell_0101	-6.403868	9.168236	-8.036038	1.000000
mouse1_lib2.final_cell_0102	-1.680040	-1.080814	1.482998	2.000000
mouse1_lib2.final_cell_0103	-10.464170	7.651728	3.427536	1.000000
mouse1_lib2.final_cell_0104	-1.462349	3.531680	-1.784323	1.000000
mouse1_lib2.final_cell_0105	-1.807669	1.139130	-12.825994	1.000000
mouse1_lib2.final_cell_0106	6.572362	-5.233569	2.931014	4.000000
mouse1_lib2.final_cell_0107	1.972969	10.263913	-2.087419	3.000000
mouse1_lib2.final_cell_0108	-13.612757	-1.256599	-1.569143	1.000000
mouse1_lib2.final_cell_0109	-3.956368	3.318065	-1.181428	1.000000
mouse1_lib2.final_cell_0110	10.878832	0.371630	-3.084774	3.000000
mouse1_lib2.final_cell_0111	0.597397	3.803795	6.648940	1.000000
mouse1_lib2.final_cell_0112	-9.270790	5.965927	-7.430444	1.000000
mouse1_lib2.final_cell_0113	-0.974878	-8.436789	-4.018067	1.000000
mouse1_lib2.final_cell_0114	-0.209740	2.756204	4.082165	6.000000
mouse1_lib2.final_cell_0115	0.321273	-8.698185	4.412440	1.000000
mouse1_lib2.final_cell_0116	0.011623	-14.703178	-3.136297	1.000000
mouse1_lib2.final_cell_0117	7.277092	0.543772	2.918351	3.000000
mouse1_lib2.final_cell_0118	1.911652	14.856861	-2.849822	1.000000
mouse1_lib2.final_cell_0119	-4.619394	1.952349	0.638439	2.000000
mouse1_lib2.final_cell_0120	-10.666785	6.879218	12.145599	1.000000
mouse1_lib2.final_cell_0121	1.105843	8.221655	-0.832119	1.000000
mouse1_lib2.final_cell_0122	-5.132470	-0.490433	4.434824	1.000000
mouse1_lib2.final_cell_0123	-6.180176	-6.392108	-1.469517	1.000000
mouse1_lib2.final_cell_0124	-2.045564	0.775815	-0.783466	2.000000
mouse1_lib2.final_cell_0125	3.592227	11.376422	-5.391255	1.000000
mouse1_lib2.final_cell_0126	-8.704967	-10.496943	-15.012847	1.000000
mouse1_lib2.final_cell_0127	8.298307	0.600211	-1.277755	3.000000
mouse1_lib2.final_cell_0128	3.663981	-5.848975	-8.403601	1.000000
mouse1_lib2.final_cell_0129	12.182877	7.764476	-23.834578	1.000000
mouse1_lib2.final_cell_0130	3.408331	1.328951	-0.129225	3.000000
mouse1_lib2.final_cell_0131	4.969547	-15.411092	-10.910076	1.000000
mouse1_lib2.final_cell_0132	1.021922	1.105603	0.107953	2.000000
mouse1_lib2.final_cell_0133	-3.920512	-2.995178	5.185887	1.000000
mouse1_lib2.final_cell_0134	-2.476505	8.698298	-9.628692	1.000000
mouse1_lib2.final_cell_0135	9.328161	-13.142564	-3.188199	1.000000
mouse1_lib2.final_cell_0136	2.514853	1.982446	0.269764	3.000000
mouse1_lib2.final_cell_0137	-3.731527	-5.833605	-11.097377	1.000000
mouse1_lib2.final_cell_0138	1.190175	-5.919105	-2.479483	1.000000
mouse1_lib2.final_cell_0139	4.175291	4.585833	4.129884	2.000000
mouse1_lib2.final_cell_0140	4.519870	-19.529575	-3.636125	1.000000
mouse1_lib2.final_cell_0141	4.580520	1.106434	-0.389297	3.000000
mouse1_lib2.final_cell_0142	1.636013	-6.494509	0.733446	4.000000
mouse1_lib2.final_cell_0143	12.078368	-1.470631	-1.622108	6.000000
mouse1_lib2.final_cell_0144	3.661020	-0.107540	0.993372	3.000000
mouse1_lib2.final_cell_0145	-22.277627	0.985440	3.086395	1.000000
mouse1_lib2.final_cell_0146	-12.203289	1.244753	11.134619	1.000000
mouse1_lib2.final_cell_0147	-9.989212	3.480806	2.391914	1.000000
mouse1_lib2.final_cell_0148	-11.940567	-3.808728	1.312808	1.000000
mouse1_lib2.final_cell_0149	0.723496	-5.615781	-0.681835	1.000000
mouse1_lib2.final_cell_0150	11.352156	-3.171147	3.968080	1.000000
mouse1_lib2.final_cell_0151	9.059560	-2.747873	-1.430419	3.000000
mouse1_lib2.final_cell_0152	5.536732	-8.296127	9.722827	1.000000
mouse1_lib2.final_cell_0153	4.848229	4.058342	-0.876387	3.000000
mouse1_lib2.final_cell_0154	4.506129	-3.497222	12.194426	1.000000
mouse1_lib2.final_cell_0155	7.090871	-7.586232	2.208929	1.000000
mouse1_lib2.final_cell_0156	-17.677959	-13.763261	-5.273258	1.000000
mouse1_lib2.final_cell_0157	-2.825152	11.590440	16.463975	1.000000
mouse1_lib2.final_cell_0158	-2.975392	0.043152	0.404394	2.000000
mouse1_lib2.final_cell_0159	-0.300321	2.300269	-2.748495	1.000000
mouse1_lib2.final_cell_0160	4.486912	-2.302417	-5.608521	1.000000
mouse1_lib2.final_cell_0161	0.164324	3.318360	-10.134832	1.000000
mouse1_lib2.final_cell_0162	6.229213	-2.567455	-3.791694	1.000000
mouse1_lib2.final_cell_0163	0.602294	-5.917118	8.209829	1.000000
mouse1_lib2.final_cell_0164	7.515476	-10.765854	-8.990099	1.000000
mouse1_lib2.final_cell_0165	6.636037	1.870339	0.452853	3.000000
mouse1_lib2.final_cell_0166	-6.493221	-5.525694	2.094735	1.000000
mouse1_lib2.final_cell_0167	12.794749	3.392512	-1.033843	6.000000
mouse1_lib2.final_cell_0168	1.375193	5.606060	-0.257761	3.000000
mouse1_lib2.final_cell_0169	-11.003396	-0.660698	-18.040599	1.000000
mouse1_lib2.final_cell_0170	-6.149691	2.839585	-0.761059	2.000000
mouse1_lib2.final_cell_0171	2.571951	2.396853	-0.959391	3.000000
mouse1_lib2.final_cell_0172	15.434417	-7.763557	4.008247	1.000000
mouse1_lib2.final_cell_0173	-10.666528	8.646689	7.468895	1.000000
mouse1_lib2.final_cell_0174	14.665587	-2.487059	3.018316	1.000000
mouse1_lib2.final_cell_0175	7.326089	-5.117775	9.763962	1.000000
mouse1_lib2.final_cell_0176	-6.944953	1.509099	0.683159	1.000000
mouse1_lib2.final_cell_0177	-6.977066	-10.076762	-3.662640	1.000000
mouse1_lib2.final_cell_0178	-4.561986	9.785892	0.442263	1.000000
mouse1_lib2.final_cell_0179	-3.816877	0.046084	-1.360901	2.000000
mouse1_lib2.final_cell_0180	2.390148	1.615005	14.361352	1.000000
mouse1_lib2.final_cell_0181	3.751381	2.722482	0.862315	3.000000
mouse1_lib2.final_cell_0182	-11.349523	-0.716796	-3.405342	1.000000
mouse1_lib2.final_cell_0183	1.969130	-0.320264	4.637671	2.000000
mouse1_lib2.final_cell_0184	2.295391	-4.734095	8.410662	1.000000
mouse1_lib2.final_cell_0185	-5.594815	4.078564	7.788938	1.000000
mouse1_lib2.final_cell_0186	4.431595	-4.231501	0.820550	4.000000
mouse1_lib2.final_cell_0187	0.426622	19.082746	1.404589	1.000000
mouse1_lib2.final_cell_0188	4.418793	-9.983962	1.304734	1.000000
mouse1_lib2.final_cell_0189	-12.683824	7.195772	-12.556760	1.000000
mouse1_lib2.final_cell_0190	-9.332515	0.969266	-10.336980	1.000000
mouse1_lib2.final_cell_0191	3.521294	14.811409	14.687688	1.000000
mouse1_lib2.final_cell_0192	-3.842881	4.354173	1.100882	1.000000
mouse1_lib2.final_cell_0193	-4.931121	-0.385424	-10.953037	1.000000
mouse1_lib2.final_cell_0194	1.713598	5.611352	-4.406825	3.000000
mouse1_lib2.final_cell_0195	6.734148	-6.767172	-10.229055	1.000000
mouse1_lib2.final_cell_0196	7.673266	6.753578	-7.603936	1.000000
mouse1_lib2.final_cell_0197	-2.998948	5.316616	-11.771266	1.000000
mouse1_lib2.final_cell_0198	9.846319	-17.650696	-8.431445	1.000000
mouse1_lib2.final_cell_0199	1.359446	-12.730769	3.098689	1.000000
mouse1_lib2.final_cell_0200	0.025581	-1.428298	0.575465	2.000000
mouse1_lib2.final_cell_0201	4.091704	-1.923505	-1.946669	4.000000
mouse1_lib2.final_cell_0202	3.343366	1.076097	-0.208051	2.000000
mouse1_lib2.final_cell_0203	-4.281060	-7.002985	-17.020045	1.000000
mouse1_lib2.final_cell_0204	-6.309759	12.423749	6.080789	1.000000
mouse1_lib2.final_cell_0205	2.490274	2.782488	-0.845660	3.000000
mouse1_lib2.final_cell_0206	2.507252	0.854649	-1.274277	2.000000
mouse1_lib2.final_cell_0207	-3.254817	-1.584821	10.504522	1.000000
mouse1_lib2.final_cell_0208	-19.364216	5.918979	2.375053	1.000000
mouse1_lib2.final_cell_0209	4.871715	-14.042212	0.627704	1.000000
mouse1_lib2.final_cell_0210	5.437779	-8.467709	15.593649	1.000000
mouse1_lib2.final_cell_0211	-13.435192	4.652779	-4.545170	1.000000
mouse1_lib2.final_cell_0212	4.118690	-2.261251	2.321136	6.000000
mouse1_lib2.final_cell_0213	-2.651286	7.700652	7.255171	1.000000
mouse1_lib2.final_cell_0214	-6.405748	-10.343506	12.546647	1.000000
mouse1_lib2.final_cell_0215	-11.382126	1.881098	1.104807	1.000000
mouse1_lib2.final_cell_0216	-9.376933	-6.008312	15.942851	1.000000
mouse1_lib2.final_cell_0217	-1.948326	-2.402313	2.186743	6.000000
mouse1_lib2.final_cell_0218	4.430852	5.574229	-8.511177	1.000000
mouse1_lib2.final_cell_0219	4.382359	-1.400847	4.080060	3.000000
mouse1_lib2.final_cell_0220	3.557235	0.518441	-0.393914	3.000000
mouse1_lib2.final_cell_0221	-9.161277	-7.965767	10.103757	1.000000
mouse1_lib2.final_cell_0222	13.538461	-13.687236	-6.127176	1.000000
mouse1_lib2.final_cell_0223	1.175918	1.811675	2.649778	2.000000
mouse1_lib2.final_cell_0224	4.773542	-13.840230	-3.644554	1.000000
mouse1_lib2.final_cell_0225	-1.761650	-11.462091	-0.381264	1.000000
mouse1_lib2.final_cell_0226	8.769109	-6.873778	-0.741905	1.000000
mouse1_lib2.final_cell_0227	-0.119652	-1.367597	1.742505	6.000000
mouse1_lib2.final_cell_0228	33.228890	-2.146617	3.401862	1.000000
mouse1_lib2.final_cell_0229	0.914202	3.487641	10.450106	1.000000
mouse1_lib2.final_cell_0230	-11.877777	-8.318079	2.316247	1.000000
mouse1_lib2.final_cell_0231	-2.686315	-3.289957	-4.012280	1.000000
mouse1_lib2.final_cell_0232	2.225665	14.565669	6.495529	1.000000
mouse1_lib2.final_cell_0233	5.446272	-1.499928	-1.920067	3.000000
mouse1_lib2.final_cell_0234	2.947649	-3.460242	-3.488343	3.000000
mouse1_lib2.final_cell_0235	-9.089696	-12.959755	2.469537	1.000000
mouse1_lib2.final_cell_0236	-6.410571	23.591565	0.599315	1.000000
mouse1_lib2.final_cell_0237	0.531567	-9.058500	-0.398799	1.000000
mouse1_lib2.final_cell_0238	-10.489517	0.007213	6.888256	1.000000
mouse1_lib2.final_cell_0239	4.485673	-0.975455	-9.262005	2.000000
mouse1_lib2.final_cell_0240	2.175612	-8.725367	1.450407	1.000000
mouse1_lib2.final_cell_0241	12.738542	5.872857	4.731533	1.000000
mouse1_lib2.final_cell_0242	-2.977719	-11.046492	8.207775	1.000000
mouse1_lib2.final_cell_0243	0.171111	-3.589119	-10.738857	1.000000
mouse1_lib2.final_cell_0244	7.887556	-7.116103	-12.717516	1.000000
mouse1_lib2.final_cell_0245	3.764434	1.560287	-0.602451	6.000000
mouse1_lib2.final_cell_0246	-2.007744	-0.882436	-5.396983	1.000000
mouse1_lib2.final_cell_0247	19.637573	3.939435	-8.524112	1.000000
mouse1_lib2.final_cell_0248	0.314260	-0.865787	6.174072	2.000000
mouse1_lib2.final_cell_0249	0.983670	-5.723813	1.717303	1.000000
mouse1_lib2.final_cell_0250	-1.655315	6.679213	-0.378532	3.000000
mouse1_lib2.final_cell_0251	13.746356	-3.189344	-5.066715	3.000000
mouse1_lib2.final_cell_0252	-7.645054	14.593423	1.781413	1.000000
mouse1_lib2.final_cell_0253	11.984921	13.427637	-0.764806	1.000000
mouse1_lib2.final_cell_0254	-3.628480	-6.616568	4.028025	1.000000
mouse1_lib2.final_cell_0255	12.629744	-9.307419	-2.091906	1.000000
mouse1_lib2.final_cell_0256	0.228477	-3.321499	14.491919	1.000000
mouse1_lib2.final_cell_0257	2.702848	-0.422301	2.846915	3.000000
mouse1_lib2.final_cell_0258	2.754769	1.031774	0.275265	2.000000
mouse1_lib2.final_cell_0259	0.367448	1.504943	-1.522995	2.000000
mouse1_lib2.final_cell_0260	5.068207	1.647009	-2.087455	3.000000
mouse1_lib2.final_cell_0261	9.329046	-11.564363	-14.145866	1.000000
mouse1_lib2.final_cell_0262	0.474077	-5.529725	-7.174894	1.000000
mouse1_lib2.final_cell_0263	-4.575128	2.215774	5.108720	1.000000
mouse1_lib2.final_cell_0264	-11.568197	-8.888829	7.132569	1.000000
mouse1_lib2.final_cell_0265	-20.548687	-5.763817	3.561976	1.000000
mouse1_lib2.final_cell_0266	1.245118	-0.311246	0.636790	2.000000
mouse1_lib2.final_cell_0267	-10.438032	-14.182500	12.259658	1.000000
mouse1_lib2.final_cell_0268	13.631949	9.319401	-9.382861	1.000000
mouse1_lib2.final_cell_0269	3.933222	1.180134	-0.212349	6.000000
mouse1_lib2.final_cell_0270	3.189461	-5.607748	-1.932892	1.000000
mouse1_lib2.final_cell_0271	8.442783	-1.077083	0.032718	3.000000
mouse1_lib2.final_cell_0272	6.711870	-2.552763	0.822252	4.000000
mouse1_lib2.final_cell_0273	0.342420	-1.563142	9.874077	1.000000
mouse1_lib2.final_cell_0274	3.413671	-12.603945	12.209076	1.000000
mouse1_lib2.final_cell_0275	18.349108	-10.433760	0.194634	1.000000
mouse1_lib2.final_cell_0276	3.390157	13.097211	0.857071	1.000000
mouse1_lib2.final_cell_0277	-10.554741	4.119514	-3.003569	1.000000
mouse1_lib2.final_cell_0278	-1.828047	-9.641702	6.604910	1.000000
mouse1_lib2.final_cell_0279	3.028384	2.285148	6.533333	3.000000
mouse1_lib2.final_cell_0280	2.257500	0.213037	-0.858364	3.000000
mouse1_lib2.final_cell_0281	2.896931	0.765574	-0.090972	3.000000
mouse1_lib2.final_cell_0282	3.455918	4.612014	8.497018	3.000000
mouse1_lib2.final_cell_0283	2.271289	-4.865361	-0.504641	3.000000
mouse1_lib2.final_cell_0284	3.910746	2.152889	-1.848904	3.000000
mouse1_lib2.final_cell_0285	6.546508	3.617258	8.828170	3.000000
mouse1_lib2.final_cell_0286	4.851783	-8.168928	4.994243	3.000000
mouse1_lib2.final_cell_0287	5.031871	-3.571056	4.562934	6.000000
mouse1_lib2.final_cell_0288	-5.322218	-17.366275	-7.265398	1.000000
mouse1_lib2.final_cell_0289	6.692177	-0.532176	5.512480	2.000000
mouse1_lib2.final_cell_0290	6.805412	0.820379	-3.192694	3.000000
mouse1_lib2.final_cell_0291	2.580787	-2.989712	3.590779	2.000000
mouse1_lib3.final_cell_0001	-7.039776	9.162957	-1.731548	1.000000
mouse1_lib3.final_cell_0002	-7.846285	6.813619	0.946977	1.000000
mouse1_lib3.final_cell_0003	3.911284	3.468799	-0.733073	3.000000
mouse1_lib3.final_cell_0004	-11.072463	-3.028752	-1.770818	1.000000
mouse1_lib3.final_cell_0005	8.342729	-6.906183	-10.044474	1.000000
mouse1_lib3.final_cell_0006	0.526284	-0.170551	-3.017130	2.000000
mouse1_lib3.final_cell_0007	-12.028526	-13.503498	-10.069503	1.000000
mouse1_lib3.final_cell_0008	6.981264	2.627200	-8.173979	3.000000
mouse1_lib3.final_cell_0009	-15.735730	-5.831766	-0.746672	1.000000
mouse1_lib3.final_cell_0010	18.603808	-2.674926	-2.384241	3.000000
mouse1_lib3.final_cell_0011	5.781971	8.929979	-3.877748	3.000000
mouse1_lib3.final_cell_0012	3.743481	3.417011	0.676215	3.000000
mouse1_lib3.final_cell_0013	7.275333	-0.828623	-1.992938	3.000000
mouse1_lib3.final_cell_0014	6.194680	8.514043	2.729028	3.000000
mouse1_lib3.final_cell_0015	2.985188	1.902482	-1.261781	3.000000
mouse1_lib3.final_cell_0016	7.456596	4.924512	-1.788508	3.000000
mouse1_lib3.final_cell_0017	2.625397	0.776653	-0.501686	3.000000
mouse1_lib3.final_cell_0018	-9.813836	4.767402	5.313812	1.000000
mouse1_lib3.final_cell_0019	5.706770	3.777970	-1.722631	3.000000
mouse1_lib3.final_cell_0020	12.039464	8.655659	7.669037	1.000000
mouse1_lib3.final_cell_0021	0.190172	0.922754	8.366138	1.000000
mouse1_lib3.final_cell_0022	-15.127774	-8.040950	-5.421833	1.000000
mouse1_lib3.final_cell_0023	-11.770703	-6.590000	-2.183359	1.000000
mouse1_lib3.final_cell_0024	-5.505192	-9.760142	-10.455844	1.000000
mouse1_lib3.final_cell_0025	8.350040	8.609949	0.430627	3.000000
mouse1_lib3.final_cell_0026	6.041494	5.466405	-11.799270	1.000000
mouse1_lib3.final_cell_0027	3.229167	1.293732	-0.119045	6.000000
mouse1_lib3.final_cell_0028	6.137364	-1.561069	-0.161148	3.000000
mouse1_lib3.final_cell_0029	4.536897	1.021097	-3.856892	3.000000
mouse1_lib3.final_cell_0030	-1.085515	-0.137102	-0.362730	2.000000
mouse1_lib3.final_cell_0031	3.028354	1.106735	-3.641591	3.000000
mouse1_lib3.final_cell_0032	-8.358604	-0.547207	-1.243023	1.000000
mouse1_lib3.final_cell_0033	9.408444	7.923202	-2.331634	3.000000
mouse1_lib3.final_cell_0034	6.357503	5.429524	5.305939	3.000000
mouse1_lib3.final_cell_0035	8.954786	4.663824	5.075997	3.000000
mouse1_lib3.final_cell_0036	0.591206	4.063458	-0.642913	3.000000
mouse1_lib3.final_cell_0037	3.193447	2.987978	-0.644698	3.000000
mouse1_lib3.final_cell_0038	-4.678682	7.279156	-4.322655	1.000000
mouse1_lib3.final_cell_0039	9.887229	14.548342	-6.140660	1.000000
mouse1_lib3.final_cell_0040	-2.714356	-2.261088	-8.559634	1.000000
mouse1_lib3.final_cell_0041	3.201003	1.541454	-0.321280	3.000000
mouse1_lib3.final_cell_0042	-5.636453	1.358221	2.401763	2.000000
mouse1_lib3.final_cell_0043	-4.432533	-0.985530	1.083015	2.000000
mouse1_lib3.final_cell_0044	-3.456072	-6.674624	-2.975697	1.000000
mouse1_lib3.final_cell_0045	7.238771	-11.256097	3.764128	1.000000
mouse1_lib3.final_cell_0046	6.731929	1.976056	-0.706685	3.000000
mouse1_lib3.final_cell_0047	-20.133781	-5.721435	-2.060190	1.000000
mouse1_lib3.final_cell_0048	-7.862695	-9.142357	5.957092	1.000000
mouse1_lib3.final_cell_0049	-3.499457	2.306961	10.527851	1.000000
mouse1_lib3.final_cell_0050	0.272004	6.656816	-13.920762	1.000000
mouse1_lib3.final_cell_0051	-7.912339	0.267977	10.396814	1.000000
mouse1_lib3.final_cell_0052	8.979008	10.748284	10.745870	1.000000
mouse1_lib3.final_cell_0053	-7.418315	13.722232	-2.408052	1.000000
mouse1_lib3.final_cell_0054	8.118845	1.522859	7.255753	2.000000
mouse1_lib3.final_cell_0055	1.425620	-1.144023	-0.251813	2.000000
mouse1_lib3.final_cell_0056	5.221178	0.267562	-2.286303	3.000000
mouse1_lib3.final_cell_0057	7.951307	8.543266	5.339822	6.000000
mouse1_lib3.final_cell_0058	-5.612226	-2.676742	2.637019	1.000000
mouse1_lib3.final_cell_0059	-10.067961	-13.994969	-3.748058	1.000000
mouse1_lib3.final_cell_0060	-15.463828	5.627647	5.063895	1.000000
mouse1_lib3.final_cell_0061	-8.445797	-7.073464	-9.618576	1.000000
mouse1_lib3.final_cell_0062	-8.013663	10.466532	2.634049	1.000000
mouse1_lib3.final_cell_0063	3.040680	2.747297	-1.580224	3.000000
mouse1_lib3.final_cell_0064	3.641452	1.840097	-0.036681	3.000000
mouse1_lib3.final_cell_0065	-1.760978	-10.792424	12.663992	1.000000
mouse1_lib3.final_cell_0066	-7.030939	0.747605	-0.877597	1.000000
mouse1_lib3.final_cell_0067	6.180755	0.545620	0.900548	3.000000
mouse1_lib3.final_cell_0068	-8.395868	17.164716	-7.095297	1.000000
mouse1_lib3.final_cell_0069	-10.058794	-5.509322	-13.777535	1.000000
mouse1_lib3.final_cell_0070	4.578080	2.666452	-1.439190	3.000000
mouse1_lib3.final_cell_0071	2.287799	-0.269077	-3.228744	3.000000
mouse1_lib3.final_cell_0072	2.490136	2.310960	-0.306725	3.000000
mouse1_lib3.final_cell_0073	3.089889	1.852117	0.250307	3.000000
mouse1_lib3.final_cell_0074	-0.901840	-7.242335	5.641416	1.000000
mouse1_lib3.final_cell_0075	-6.271388	2.076052	-14.680144	1.000000
mouse1_lib3.final_cell_0076	8.304258	4.159322	2.670951	3.000000
mouse1_lib3.final_cell_0077	4.843635	10.118823	9.916218	1.000000
mouse1_lib3.final_cell_0078	12.375954	1.848926	3.621504	6.000000
mouse1_lib3.final_cell_0079	-3.580952	-2.488312	-1.659859	4.000000
mouse1_lib3.final_cell_0080	-3.236690	-9.017186	3.133408	1.000000
mouse1_lib3.final_cell_0081	-14.524320	10.192780	5.085424	1.000000
mouse1_lib3.final_cell_0082	6.928655	5.980254	2.455513	3.000000
mouse1_lib3.final_cell_0083	-15.917311	5.549744	-0.775880	1.000000
mouse1_lib3.final_cell_0084	14.717425	0.256706	-8.982750	1.000000
mouse1_lib3.final_cell_0085	11.492868	-6.493471	5.379126	6.000000
mouse1_lib3.final_cell_0086	4.905593	2.315310	-5.357071	3.000000
mouse1_lib3.final_cell_0087	11.724119	-5.691663	-1.634873	3.000000
mouse1_lib3.final_cell_0088	-3.362082	-4.845374	-7.206377	1.000000
mouse1_lib3.final_cell_0089	7.110591	6.837707	9.106137	3.000000
mouse1_lib3.final_cell_0090	2.412418	1.776945	-6.759875	3.000000
mouse1_lib3.final_cell_0091	5.528212	4.772111	-3.426668	3.000000
mouse1_lib3.final_cell_0092	-7.672091	4.602007	-10.845208	1.000000
mouse1_lib3.final_cell_0093	-1.904284	5.436289	9.316376	1.000000
mouse1_lib3.final_cell_0094	8.016047	-3.842582	6.322390	1.000000
mouse1_lib3.final_cell_0095	-0.206137	-2.728142	3.154166	6.000000
mouse1_lib3.final_cell_0096	0.904009	5.796779	4.764829	2.000000
mouse1_lib3.final_cell_0097	-8.252484	0.642191	-0.488712	4.000000
mouse1_lib3.final_cell_0098	-2.212322	11.429944	-1.850428	1.000000
mouse1_lib3.final_cell_0099	14.978539	-5.006299	-0.520815	3.000000
mouse1_lib3.final_cell_0100	-8.591559	-0.900673	2.518536	1.000000
mouse1_lib3.final_cell_0101	8.956492	1.954343	4.373366	2.000000
mouse1_lib3.final_cell_0102	2.431646	12.420268	-10.052318	1.000000
mouse1_lib3.final_cell_0103	7.059421	6.094039	14.750130	1.000000
mouse1_lib3.final_cell_0104	-3.534171	1.343560	-0.272454	2.000000
mouse1_lib3.final_cell_0105	6.404258	-8.906772	-4.824620	1.000000
mouse1_lib3.final_cell_0106	4.417133	7.979883	21.711915	1.000000
mouse1_lib3.final_cell_0107	-13.966664	8.805201	-3.162178	1.000000
mouse1_lib3.final_cell_0108	-13.988440	1.082483	-0.140675	1.000000
mouse1_lib3.final_cell_0109	9.425759	-6.448643	22.116806	4.000000
mouse1_lib3.final_cell_0110	-11.909772	12.873659	-4.524860	1.000000
mouse1_lib3.final_cell_0111	-13.217148	8.212537	1.045084	1.000000
mouse1_lib3.final_cell_0112	-10.273695	5.261836	-16.838498	1.000000
mouse1_lib3.final_cell_0113	-6.047574	-0.070616	-6.443939	1.000000
mouse1_lib3.final_cell_0114	-3.409866	7.352912	-20.456661	1.000000
mouse1_lib3.final_cell_0115	-4.625895	-5.971891	14.987216	1.000000
mouse1_lib3.final_cell_0116	-0.821797	0.745608	0.725322	2.000000
mouse1_lib3.final_cell_0117	-8.643473	-6.595209	-3.572617	1.000000
mouse1_lib3.final_cell_0118	10.046247	-0.786296	12.669272	1.000000
mouse1_lib3.final_cell_0119	3.410970	3.993508	-4.002772	3.000000
mouse1_lib3.final_cell_0120	-4.371870	-14.104268	2.136968	1.000000
mouse1_lib3.final_cell_0121	2.825276	-7.529856	-1.087550	1.000000
mouse1_lib3.final_cell_0122	-0.686543	9.601994	1.313259	1.000000
mouse1_lib3.final_cell_0123	2.472329	-19.592283	2.866469	1.000000
mouse1_lib3.final_cell_0124	-4.914001	-1.346631	-0.062693	1.000000
mouse1_lib3.final_cell_0125	-0.499755	4.068346	0.812211	2.000000
mouse1_lib3.final_cell_0126	1.275726	-0.147634	-14.482035	1.000000
mouse1_lib3.final_cell_0127	3.902503	2.594705	3.690145	3.000000
mouse1_lib3.final_cell_0128	-5.026311	1.157842	-1.971256	2.000000
mouse1_lib3.final_cell_0129	1.369570	5.179460	-7.395300	1.000000
mouse1_lib3.final_cell_0130	2.131184	8.126364	-6.781405	1.000000
mouse1_lib3.final_cell_0131	6.254395	18.734063	8.103235	1.000000
mouse1_lib3.final_cell_0132	0.190100	-13.964232	7.155539	1.000000
mouse1_lib3.final_cell_0133	14.782897	-1.819874	6.754306	1.000000
mouse1_lib3.final_cell_0134	5.243225	4.647312	0.482030	3.000000
mouse1_lib3.final_cell_0135	-2.024315	-7.211099	2.120191	1.000000
mouse1_lib3.final_cell_0136	18.613268	7.892914	7.054796	1.000000
mouse1_lib3.final_cell_0137	-0.962817	6.003352	14.918805	1.000000
mouse1_lib3.final_cell_0138	12.799993	-5.898242	11.966364	1.000000
mouse1_lib3.final_cell_0139	-13.077134	-13.336156	5.358717	1.000000
mouse1_lib3.final_cell_0140	-10.898018	-1.389065	14.921505	1.000000
mouse1_lib3.final_cell_0141	5.784573	-8.410128	-0.117396	1.000000
mouse1_lib3.final_cell_0142	19.215000	3.014941	-2.703899	1.000000
mouse1_lib3.final_cell_0143	2.197337	3.073627	-23.356734	1.000000
mouse1_lib3.final_cell_0144	-1.616362	-3.484199	-14.146072	1.000000
mouse1_lib3.final_cell_0145	5.104337	-2.465636	6.943096	3.000000
mouse1_lib3.final_cell_0146	-2.353931	-5.648893	11.847086	1.000000
mouse1_lib3.final_cell_0147	-3.576990	-4.060819	2.087624	1.000000
mouse1_lib3.final_cell_0148	3.988365	0.398688	0.520452	6.000000
mouse1_lib3.final_cell_0149	2.313695	-2.539889	-1.754012	3.000000
mouse1_lib3.final_cell_0150	4.699901	-10.922371	5.704658	1.000000
mouse1_lib3.final_cell_0151	-8.501400	-3.457955	-0.450016	1.000000
mouse1_lib3.final_cell_0152	3.336712	-4.273006	-13.888551	1.000000
mouse1_lib3.final_cell_0153	-21.193234	5.989475	-2.905015	1.000000
mouse1_lib3.final_cell_0154	1.997044	2.158474	-0.924484	3.000000
mouse1_lib3.final_cell_0155	8.175495	-7.454972	6.364317	1.000000
mouse1_lib3.final_cell_0156	5.642067	3.052756	-3.032287	3.000000
mouse1_lib3.final_cell_0157	4.604423	8.446802	-1.419488	3.000000
mouse1_lib3.final_cell_0158	9.226287	-3.796331	1.861240	3.000000
mouse1_lib3.final_cell_0159	-5.741921	-14.589640	-1.911398	1.000000
mouse1_lib3.final_cell_0160	2.662922	-7.569739	3.196118	1.000000
mouse1_lib3.final_cell_0161	3.118621	2.136437	-1.042681	3.000000
mouse1_lib3.final_cell_0162	-9.168390	-1.048928	-7.548279	1.000000
mouse1_lib3.final_cell_0163	-5.938607	-0.105897	0.203993	2.000000
mouse1_lib3.final_cell_0164	3.948891	4.591249	1.724752	3.000000
mouse1_lib3.final_cell_0165	-2.046517	1.676888	14.018906	1.000000
mouse1_lib3.final_cell_0166	3.369189	2.974042	-1.204259	3.000000
mouse1_lib3.final_cell_0167	2.093116	5.290422	-1.816751	3.000000
mouse1_lib3.final_cell_0168	8.765001	-8.464815	-11.185264	1.000000
mouse1_lib3.final_cell_0169	1.882549	-5.275272	4.081275	6.000000
mouse1_lib3.final_cell_0170	3.706228	1.436448	10.130895	2.000000
mouse1_lib3.final_cell_0171	1.080147	-11.080952	6.586917	1.000000
mouse1_lib3.final_cell_0172	-8.870083	-4.670286	7.655589	1.000000
mouse1_lib3.final_cell_0173	0.951592	8.359573	5.425935	1.000000
mouse1_lib3.final_cell_0174	4.000704	2.344267	-0.080705	3.000000
mouse1_lib3.final_cell_0175	3.752125	1.973487	-1.220557	3.000000
mouse1_lib3.final_cell_0176	8.675211	-5.348949	-11.256984	1.000000
mouse1_lib3.final_cell_0177	11.660826	4.465311	12.751668	1.000000
mouse1_lib3.final_cell_0178	-5.575232	-4.821764	-3.865777	1.000000
mouse1_lib3.final_cell_0179	4.867049	2.528410	-0.013486	3.000000
mouse1_lib3.final_cell_0180	3.469203	-1.023910	-0.333904	3.000000
mouse1_lib3.final_cell_0181	-5.744963	-0.593157	14.149204	1.000000
mouse1_lib3.final_cell_0182	-3.421325	-4.591244	-0.883009	1.000000
mouse1_lib3.final_cell_0183	8.570639	10.083611	-13.388808	1.000000
mouse1_lib3.final_cell_0184	2.766492	1.017985	0.174643	2.000000
mouse1_lib3.final_cell_0185	3.428690	0.955981	0.329696	3.000000
mouse1_lib3.final_cell_0186	-1.221177	-7.797418	9.039729	1.000000
mouse1_lib3.final_cell_0187	1.905113	-3.304949	-1.424153	4.000000
mouse1_lib3.final_cell_0188	-8.907822	20.624895	8.757249	1.000000
mouse1_lib3.final_cell_0189	3.796727	2.389528	19.285268	1.000000
mouse1_lib3.final_cell_0190	4.494819	6.124429	2.699838	3.000000
mouse1_lib3.final_cell_0191	-5.322033	-8.300720	0.313431	1.000000
mouse1_lib3.final_cell_0192	-18.945237	5.907761	-12.089803	1.000000
mouse1_lib3.final_cell_0193	-5.458955	-2.819263	-5.867938	1.000000
mouse1_lib3.final_cell_0194	-14.578144	-9.362637	12.069345	1.000000
mouse1_lib3.final_cell_0195	-8.764772	1.524803	1.546864	1.000000
mouse1_lib3.final_cell_0196	-17.202188	2.315075	-1.713977	1.000000
mouse1_lib3.final_cell_0197	2.555380	4.049822	-0.386635	3.000000
mouse1_lib3.final_cell_0198	6.781235	13.793316	4.308129	1.000000
mouse1_lib3.final_cell_0199	-1.819633	-5.070233	3.724250	1.000000
mouse1_lib3.final_cell_0200	-8.872977	0.101293	-0.303211	4.000000
mouse1_lib3.final_cell_0201	-0.698110	-16.371083	1.611204	1.000000
mouse1_lib3.final_cell_0202	3.154763	-3.379272	-0.850563	4.000000
mouse1_lib3.final_cell_0203	10.791396	4.386108	-3.018294	6.000000
mouse1_lib3.final_cell_0204	15.258839	-7.082971	-6.269150	3.000000
mouse1_lib3.final_cell_0205	-11.102864	12.827663	13.947729	1.000000
mouse1_lib3.final_cell_0206	-0.910399	6.440234	3.348645	1.000000
mouse1_lib3.final_cell_0207	6.085088	6.671902	-2.622198	3.000000
mouse1_lib3.final_cell_0208	2.178161	-10.643340	-8.705918	1.000000
mouse1_lib3.final_cell_0209	1.053485	-0.454337	-1.252770	3.000000
mouse1_lib3.final_cell_0210	-18.688744	-1.738688	5.979822	1.000000
mouse1_lib3.final_cell_0211	10.186623	-3.617588	-5.097119	1.000000
mouse1_lib3.final_cell_0212	-6.298642	-5.245318	5.009583	1.000000
mouse1_lib3.final_cell_0213	-18.906542	-9.351560	-14.241784	1.000000
mouse1_lib3.final_cell_0214	3.596957	0.894197	-0.119135	3.000000
mouse1_lib3.final_cell_0215	2.431011	1.753122	0.072703	3.000000
mouse1_lib3.final_cell_0216	3.490735	0.816936	-0.019899	6.000000
mouse1_lib3.final_cell_0217	7.386765	-0.793530	1.660267	3.000000
mouse1_lib3.final_cell_0218	6.732583	-3.282904	-1.600417	3.000000
mouse1_lib3.final_cell_0219	-5.254450	6.697471	1.999673	1.000000
mouse1_lib3.final_cell_0220	2.578746	-6.681366	-3.336282	4.000000
mouse1_lib3.final_cell_0221	5.280673	2.675786	5.865345	3.000000
mouse1_lib3.final_cell_0222	2.475498	-4.312853	-0.220181	4.000000
mouse1_lib3.final_cell_0223	-2.063517	-10.579597	-12.832683	1.000000
mouse1_lib3.final_cell_0224	-18.485791	-1.328453	-2.791673	1.000000
mouse1_lib3.final_cell_0225	2.544717	-2.697462	-0.340960	4.000000
mouse1_lib3.final_cell_0226	-5.969477	14.685263	11.027108	1.000000
mouse1_lib3.final_cell_0227	-0.904471	-5.216192	-2.351366	1.000000
mouse1_lib3.final_cell_0228	4.050870	-4.192841	2.584049	3.000000
mouse1_lib3.final_cell_0229	2.892330	-0.950105	8.060489	3.000000
mouse1_lib3.final_cell_0230	17.212393	-17.539552	1.574876	4.000000
mouse1_lib3.final_cell_0231	2.035353	-4.377262	-2.100831	3.000000
mouse1_lib3.final_cell_0232	4.340158	1.226152	0.709830	3.000000
mouse1_lib3.final_cell_0233	-24.944659	0.648028	-2.148144	1.000000
mouse1_lib3.final_cell_0234	2.723056	1.589906	2.851031	3.000000
mouse1_lib3.final_cell_0235	-0.627749	-1.916093	-2.250189	3.000000
mouse1_lib3.final_cell_0236	4.354270	-2.735190	0.235564	3.000000
mouse1_lib3.final_cell_0237	1.708383	4.554242	1.337655	3.000000
mouse1_lib3.final_cell_0238	-3.994915	5.298483	4.913390	1.000000
mouse1_lib3.final_cell_0239	5.396203	0.588376	-6.739851	3.000000
mouse1_lib3.final_cell_0240	9.861899	7.067853	2.716167	3.000000
mouse1_lib3.final_cell_0241	5.939615	2.398418	1.338004	3.000000
mouse1_lib3.final_cell_0242	-7.783451	-21.682475	0.344530	1.000000
mouse1_lib3.final_cell_0243	6.982540	1.629105	-4.922538	3.000000
mouse1_lib3.final_cell_0244	5.293490	-0.237567	-0.842825	3.000000
mouse1_lib3.final_cell_0245	2.800776	-6.323702	0.431066	1.000000
mouse1_lib3.final_cell_0246	2.089458	-2.461183	5.640227	1.000000
mouse1_lib3.final_cell_0247	4.045909	1.513057	-0.544066	3.000000
mouse1_lib3.final_cell_0248	5.198905	-5.762804	-2.231630	2.000000
mouse1_lib3.final_cell_0249	5.381582	0.510209	7.544586	3.000000
mouse1_lib3.final_cell_0250	-9.520155	1.094861	0.121448	4.000000
mouse1_lib3.final_cell_0251	2.910689	-2.555259	0.539487	3.000000
mouse1_lib3.final_cell_0252	7.865102	5.944493	-4.181495	3.000000
mouse1_lib3.final_cell_0253	10.059639	1.621722	-0.552230	2.000000
mouse1_lib3.final_cell_0254	7.310043	10.575078	-8.103013	3.000000
