x	y	z
CY88CD45POS_2_F06_S450_comb	-0.625405523265551	-4.90006952364338	0.760856891497477
cy94_cd45neg_cd90pos_F12_S360_comb	-3.71450039208807	2.15749452701663	7.25623000106181
cy82.CD45.pos.3.G06.S78.comb	-2.83597151915684	-11.5907426078036	2.76800708602494
cy72.CD45.pos.G02.S938.comb	-3.31429219191055	7.3928108504124	10.1272478342956
Cy81_FNA_CD45_F10_S358_comb	0.0194161573870234	-11.3895094434583	-4.57010289056335
cy79.p4.CD45.neg.PDL1.pos.F06.S450.comb	-8.99540012483063	-18.8745583418775	4.68288298665408
cy80.Cd45.pos.PD1.pos.S183.H03.S183.comb	3.97125791426438	2.94603940954156	-3.35092916703982
cy88_cd_45_pos_E11_S443_comb	4.98250023490362	15.9204955914402	-0.401425952487556
cy79.p5.CD45.neg.PDL1.pos.F10.S742.comb	-11.4914574705142	-13.5024335311317	1.38446509841156
cy79.p1.CD45.neg.PDL1.neg.AS.C4.R1.C10.S130.comb	-3.09366161588243	-14.7783549976534	1.35689919951149
monika_E8_S142_comb	10.8279408833444	0.375953952524993	-27.1189526300391
cy94_cd45pos_A08_S104_comb	9.51502120224566	16.4999479851889	-14.1658907810053
cy79.p1.CD45.pos.PD1.neg.AS.C1.R2.B01.S493.comb	-9.50511874885727	-1.315890634173	-17.2916779782964
cy80.CD45.neg.B10.S886.comb	-6.26878254512769	-7.6892582800594	13.8044476931848
Cy67.CD45pos.S2.F5_S65	19.3233917191533	10.0352772750932	-28.1535140314346
cy79.p5.CD45.neg.PDL1.pos.G10.S754.comb	-8.56584125634299	-15.8750519488564	-3.09058116220752
cy84_Primary_CD45_pos_G09_S465_comb	-4.90360060616893	-2.47815241894965	1.73766474594719
CY67_NEG_A_CAGAGAGG_ACTGCATA	3.43555152305533	-4.74252113718426	2.48803664019812
cy88_cd_45_pos_3_D09_S621_comb	9.48380828751436	-1.23416916102687	-4.45894609256821
Cy67.CD45pos.S2.B1_S13	8.13687549649641	2.23443897035858	-16.0756464359216
Cy80_II_CD45_D12_S912_comb	-2.27886268721227	-4.11824136630355	10.1844541660282
CY89A_CD45_POS_6_D03_S135_comb	3.34375750696893	1.52893632433092	1.96987974768714
cy94_cd45pos_A02_S98_comb	14.7766079613608	4.67440374052968	-1.16051422270395
cy79.p4.CD45.neg.PDL1.neg.B09.S1077.comb	9.52190715977234	-18.5547163941407	15.3749646613954
CY88_5_E02_S722_comb	8.46914101756198	-29.793418619828	26.8585675585336
cy80.Cd45.pos.PD1.pos.A03.S15.comb	-6.66049082254752	21.3619596346687	22.979526172492
Cy72_CD45_E08_S728_comb	-22.826056276115	4.80286648236681	-15.2944633100638
Cy74_CD45_F11_S455_comb	-3.99593829783044	4.32636456752603	-4.09241091147222
cy82.CD45.pos.2.F02.S542.comb	-6.33457292534633	-15.3422187030777	6.69433626444602
CY80.neg.E11.S59.comb	1.58306594853908	-2.63408605646506	15.1404034341904
CY89A_CD45_POS_6_B10_S118_comb	5.09531786651161	15.9265596689158	4.63435544876964
cy94_cd45pos_F03_S159_comb	-3.86531604884813	11.9153537528951	-6.91511047734841
cy60_1_cd_45_pos_HC_pos_HLDAR_pos_B06_S978_comb	-4.79146944954935	0.565642811303	0.888147203979649
cy88_cd_45_pos_F09_S453_comb	24.5713823493667	9.01781192003261	-3.6950483383896
cy84_Primary_CD45_pos_E08_S440_comb	-0.871407310672266	2.82272422327816	0.595148939793288
cy79.p3.CD45.pos.PD1.neg.B11.S119.comb	-5.77470569538317	-0.583777359182138	9.04549264173652
monika_E9_S143_comb	2.14894281634031	13.3131550206209	-0.678048668734098
CY65_NEG_A_AACATAAT_AGGATCTA	-0.31986583357144	1.83616537025657	-0.538168918000006
CY89NEG_A10_S10_comb	-9.17744508051691	-15.14719861074	6.76818384058261
CY94CD45POS_1_E06_S150_comb	2.77481092088455	26.0383761149859	14.2764660091834
Cy74_CD45_B03_S399_comb	4.79987144748986	-4.84172972357299	3.95264937305012
Cy81_FNA_CD45_A04_S196_comb	6.65217180958211	5.68591498391287	-20.3858790743352
cy58.1.CD45.pos.A05.S581.comb	2.21755656814126	4.80282223403904	-0.601224889867118
cy80.CD45.pos.PD1.pos.F08.S164.comb	3.76047909938204	29.1612114828837	-0.761142084966045
cy94_cd45pos_4_A03_S3_comb	-2.54901995744882	15.8451453446742	-8.25486320662111
CY94_CD45NEG_CD90POS_2_A05_S5_comb	-20.6752655175551	26.9366410587194	-6.43190845276319
CY84_PRIM_POS_All_8_G07_S175_comb	0.458655140974306	2.47550153030468	-0.239262714455958
CY75_1_CD45_CD8_8__S303_comb	-3.92466528010645	9.96662911686909	-4.07460769785469
CY94_CD45NEG_CD90POS_2_D05_S41_comb	2.75640464939443	1.53834068398641	-2.2010590507894
cy94_cd45neg_cd90pos_F04_S352_comb	1.33193473534906	-2.52223226392035	5.39717590256455
cy78.CD45.neg.3.G03.S747.comb	8.94831108007554	-11.2147166964799	-3.91048494162605
CY94_CD45NEG_CD90POS_2_E08_S56_comb	-10.8474558164955	18.0495807854456	15.5889058244419
CY89A_Core_15_A05_S5_comb	-6.67405589355668	0.326798238854137	2.83876761302725
CY89COREQ1_E05_S341_comb	-2.72337077021815	24.2237513269921	-34.5400445664535
Cy80_II_CD45_F08_S932_comb	-1.16126238355755	-1.2022024424448	9.77400696276325
cy79.p5.CD45.pos.PD1.pos.A03.S579.comb	2.93329264271611	6.63723802448983	-3.14097120368544
CY65_POS_F_AGTGTCTT_TGTTCCGA	23.2041635750261	22.2752144291464	-1.46948990687707
cy60_1_cd_45_pos_HC_pos_HLDAR_pos_F05_S1025_comb	-4.34515773940257	-5.1216713938521	10.8819126841804
cy79.p1.CD45.pos.PD1.pos.AS.C5.R1.G11.S275.comb	-3.22313910549201	3.47711640280835	3.9308125251853
cy80.Cd45.pos.Pd1.neg.S366.H06.S366.comb	-20.5715636840989	12.6399176315377	0.602834235353298
Cy71_CD45_E04_S532_comb	15.8444904588994	12.5209120124175	-15.8201707830237
cy79.p3.CD45.neg.PD1.pos.AS.C3.R1.H11.S383.comb	-4.60955549737193	-23.0355058277063	-9.17817686882158
cy74.CD45.pos.A09.S681.comb	1.68229483356175	0.235838288621907	0.357498112959112
cy79.p3.CD45.pos.PD1.pos.AS.C2.R1.E06.S438.comb	9.38584889759451	10.317993756222	3.55031471354895
cy79.p1.CD45.neg.PDL1.neg.AS.C4.R1.A08.S104.comb	-0.678581797028986	-16.7718923906334	-1.73497196326333
cy72.CD45.pos.E11.S923.comb	7.22735603084086	-1.61650837186063	-21.1558901111806
cy58.1.CD45.pos.C08.S608.comb	-1.67177623718925	-4.29526569430489	4.56882973482526
CY80.neg.F06.S66.comb	-2.96441979389356	-5.64616962404918	16.4941318733158
cy58.1.CD45.pos.B07.S595.comb	-4.21948999531502	0.444922313417312	-2.07621728730047
cy79.p4.CD45.neg.PDL1.neg.D11.S1103.comb	-7.67574754486183	-18.8534399678138	-0.41185814420699
Cy71_CD45_F12_S552_comb	12.6141763919795	9.15081058514509	-2.82065153578934
CY94CD45POS_1_E02_S146_comb	5.40798738158191	24.9484632011508	-13.5877029528966
cy80.Cd45.pos.PD1.pos.B09.S45.comb	-10.4467977468787	12.1775844618522	-9.6527291203464
cy58.1.CD45.pos.B12.S600.comb	-1.13463745750937	4.90662505242194	-0.405674170672944
Cy71_CD45_A10_S490_comb	22.1852403118573	-10.9022265749706	3.49399772485448
monika_A11_S99_comb	10.6879055411971	14.3468679896588	-5.23129554450168
cy79.p4.CD45.pos.PD1.pos.H05.S377.comb	-1.69548936347339	24.8000180490056	-2.26712814228885
CY89A_Core_15_F04_S64_comb	-1.70304037948447	4.81976833679015	5.47620981123481
cy80.CD45.pos.PD1.pos.D12.S144.comb	-0.909109945016489	4.58827298715359	-4.13392920465725
CY89FNA_F08_S260_comb	-1.59003508923903	3.64867964353056	-1.31781500058807
CY89A_Core_15_D09_S45_comb	4.90198236964216	4.05012039892913	-0.11961370628366
Cy72_CD45_E03_S723_comb	16.1255780397756	18.7676944426909	0.127112639243315
Cy67.CD45pos.S2.B9_S21	-20.7226290268684	17.6325305142572	25.2935475903796
cy79.p1.CD45.pos.PD1.neg.AS.C1.R2.C08.S512.comb	-15.2514288764973	-8.43528402596569	-18.2050199921395
cy79.p5.CD45.neg.PDL1.pos.B02.S686.comb	9.8787485041964	-27.1301568276558	-6.47667672248217
cy79.p4.CD45.neg.PDL1.pos.F08.S452.comb	12.3956970108476	-6.32837877051665	5.0872709727564
cy60_1_cd_45_pos_3_D11_S335_comb	18.9859279816493	0.193958822678068	-6.01049544266729
Cy74_CD45_H03_S471_comb	1.62962207752987	1.20295333078974	5.8729846430699
cy94_cd45pos_B02_S110_comb	27.2472380458758	22.5940991040938	-19.5514084025298
monika_F6_S149_comb	3.92564507023921	3.88927008403216	-11.9130115671204
CY88CD45POS_7_G04_S268_comb	2.01018498367303	-4.0926459206233	3.43375509816068
cy72.CD45.pos.D01.S901.comb	-3.7528446871826	8.78005717331576	-15.5893616777198
CY89A_Core_15_G01_S73_comb	1.54938710772036	6.80815439179112	-9.20568721801145
cy79.p5.CD45.neg.PDL1.neg.F05.S833.comb	2.48510240365228	-11.4599776883258	-8.71179707965793
CY89A_CD45_POS_4_G12_S468_comb	30.8368373634526	15.3836407715959	-8.07967701549832
cy60_1_cd_45_pos_3_F11_S359_comb	3.9391397114423	-2.0062450932576	-1.30083892856331
CY67_NEG_A_CAAGGCGA_TCTGGCGA	4.00855289743149	6.23717279504462	6.30773532008726
cy79.p3.CD45.pos.PD1.neg.G05.S173.comb	-32.8503806707021	20.9024898004527	-7.52938573839106
CY89FNA_G03_S267_comb	-8.60578866311762	-0.423990632017533	17.1516522113635
CY75_1_CD45_CD8_8__S355_comb	-5.5866869175189	2.63448994945605	-8.84173319182021
cy84_Primary_CD45_pos_E06_S438_comb	-15.6946514567122	29.2355478473071	-14.9694444093381
cy82.CD45.pos.3.C08.S32.comb	3.11443617092684	-5.69522277440345	0.562469251202063
cy72.CD45.pos.F03.S927.comb	-20.6714772562853	-4.24407250388102	-13.1625062936109
cy80.Cd45.pos.Pd1.neg.S265.D01.S265.comb	-6.83021442807186	-0.296777644183463	1.58595590796195
CY75_1_CD45_CD8_7__S200_comb	-2.83856509870735	7.07531267912642	0.0974515578611955
CY94CD45POS_1_F12_S168_comb	-10.8749146944623	3.14052338954106	-30.9258011775472
Cy80_II_CD45_C02_S890_comb	-4.95659274424769	-9.33437329904999	25.3166560003315
cy79.p5.CD45.pos.PD1.pos.G04.S652.comb	0.571165213228656	9.77992482969617	-8.16840479498627
cy60_1_cd_45_pos_3_A04_S292_comb	-12.5750574013548	13.9984217000739	-3.21352309057462
CY89A_Core_15_A09_S9_comb	-5.70591683391744	-0.44140156979598	-0.649702893609235
CY94CD45POS_1_C05_S125_comb	-50	7.1344302540931	-7.647555736479
CY75_1_CD45_CD8_3__S161_comb	0.493108957763224	2.38258005784623	-1.5211094021072
CY88CD45POS_7_H03_S279_comb	7.79431419626022	3.71764125665239	-3.47667408435211
cy80.Cd45.pos.PD1.pos.S190.H10.S190.comb	0.573927698743592	-1.4962535341752	1.22478194933754
cy79.p3.CD45.neg.PD1.pos.AS.C3.R1.B12.S312.comb	-6.96118006498257	-14.9826491772353	2.63798904427378
cy79.p5.CD45.neg.PDL1.pos.B08.S692.comb	8.85971965645816	-17.1763586724648	-14.3052858542955
cy81.FNA.CD45.neg.G09.S1041.comb	1.44267875316653	-6.35907305207195	0.62006329364368
cy79.p4.CD45.neg.PDL1.neg.B01.S1069.comb	-3.44890669344703	-13.5940085444824	-1.73742255635275
cy79.p1.CD45.neg.PDL1.neg.AS.C4.R1.B09.S117.comb	-1.24277775248243	-16.8755258964979	2.75596456212936
cy80.Cd45.pos.PD1.pos.B12.S48.comb	4.82038506410723	21.5164961209851	-1.76021317986206
Cy71_CD45_H03_S567_comb	8.10113581270867	-5.45491674270442	-2.27245851208659
CY89A_CD45_POS_4_F03_S447_comb	2.65368039995512	-4.40027016908125	-30.9580161950328
Cy71_CD45_F04_S544_comb	-0.468287380843308	7.6158906314141	-6.40923289367193
cy94_cd45neg_cd90pos_D07_S331_comb	-4.08878292897201	-1.94678161588113	-4.57737761644084
cy88_cd_45_pos_C01_S409_comb	-2.39082013840157	-1.78764800383053	7.30403541596743
cy60_1_cd_45_pos_3_A08_S296_comb	-16.0295555673308	-2.31741055255721	-46.6720665525461
CY88CD45POS_2_G04_S460_comb	-17.9760747064138	5.27032228331444	-8.26438838991485
cy80.CD45.pos.PD1.pos.F09.S165.comb	8.23158834051682	4.70890126813982	-0.499506120156804
cy60_1_cd_45_pos_4_E10_S58_comb	-8.11895952223615	13.449576104294	20.845206710805
cy80_cd_90_neg_H12_S192_comb	14.9813181823515	-16.4482989878812	0.904490711505107
cy79.p5.CD45.neg.PDL1.neg.G03.S843.comb	-5.05973429905628	-16.7146765771739	3.2256267311891
CY89FNAQ2_G05_S461_comb	5.39016276685674	-32.5082337371712	-14.4200274359556
cy80.CD45.pos.PD1.pos.H10.S190.comb	-5.95807890440344	14.1643033194722	-15.7610366278373
Cy67.CD45pos.S2.C11_S35	25.0588313772408	9.92928006129199	-19.0341685646972
Cy81_FNA_CD45_A10_S202_comb	1.70983218944263	2.77029216199398	-6.05626861858436
cy81.FNA.CD45.neg.H10.S1054.comb	-0.20588105273789	-7.98354282916622	2.03270950000834
cy80.CD45.neg.B06.S402.comb	8.13538197929968	-3.50790075869336	-15.4091462857918
CY88CD45POS_7_C03_S219_comb	-30.9931952549496	13.4335781221926	-0.551104561562354
cy94_cd45pos_F08_S164_comb	13.7743196188117	20.049351810685	-27.7070695234688
cy94_cd45neg_cd90pos_A07_S295_comb	-5.90019770123474	0.127149920539202	0.234408895320594
cy84.Primary.CD45.neg.G03.S1035.comb	4.56661926620967	-6.7735638846398	1.04922658997995
cy72.CD45.pos.D07.S907.comb	-7.90489705998003	0.773386066103935	-22.087980323625
CY80.neg.B03.S15.comb	5.91052661290062	-4.50928355743436	13.0663799851706
cy79.p5.CD45.pos.PD1.pos.C07.S607.comb	-9.74569676957775	13.728460995062	4.90676568363144
cy94_cd45pos_D05_S137_comb	15.2550985162904	22.1822008063644	4.76912240608412
cy79.p3.CD45.neg.PD1.pos.AS.C3.R1.F09.S357.comb	-1.18806103112501	-14.8370718350289	3.30314903817557
cy60_1_cd_45_pos_HC_pos_HLDAR_pos_E04_S1012_comb	1.19687893770075	-5.1776120512294	5.20835643066619
cy79.p3.CD45.pos.PD1.neg.C07.S127.comb	12.534330575614	17.4920895871755	10.2797677970586
Cy74_CD45_G11_S467_comb	3.00349456647918	-0.448363915362346	-4.76679369886033
cy81.FNA.CD45.neg.C09.S993.comb	2.67665053253649	-9.85813236872901	-3.87508727609615
CY75_1_CD45_CD8_8__S350_comb	-8.02572935419231	15.9466975709346	-5.91959528853018
cy53.1.CD45.neg.B04.S304.comb	1.09409567678125	-11.6435798622179	1.20868922472702
CY75_1_CD45_CD8_1__S55_comb	-2.48534768596417	-7.74928972388985	-17.3998843743382
Cy80_II_CD45_C08_S896_comb	-4.94455778840123	-13.1976755732633	6.28296740098715
CY88_3_G07_S655_comb	10.1134069274839	-20.3605204876482	-8.36467989991874
cy79.p3.CD45.neg.PD1.pos.AS.C3.R1.D12.S336.comb	-5.12808140738807	-18.3508111227136	2.02697019782245
CY88CD45POS_7_B05_S209_comb	4.51139977308662	18.9116171484268	10.0635916965247
cy79.p5.CD45.neg.PDL1.neg.G09.S849.comb	-4.33807072121897	-14.2610321420542	0.463643402154651
cy80.CD45.pos.PD1.pos.G01.S169.comb	-5.8831552167874	8.71565531847812	-7.31563041031569
CY89NEG_E06_S54_comb	-21.4507364842237	-11.6360550529948	2.93178623708666
CY75_1_CD45_CD8_7__S265_comb	1.43551482729302	-4.97954777863691	-0.715289423348731
CY88CD45_150813_E08_S344_comb	21.082462619018	2.4977650565301	-1.04893112860623
cy79.p5.CD45.neg.PDL1.neg.A08.S776.comb	-2.8343748542656	-12.6881002829281	0.416226441016899
CY94CD45POS_1_B03_S111_comb	12.830047738534	21.5115533031628	-17.6449294610283
CY75_1FNA_E12_S540_comb	3.54018896910072	-1.93775140813248	3.77939309679812
cy80.CD45.neg.H03.S471.comb	8.76129025817627	13.3456002392486	17.7712322640492
CY89A_Core_15_E04_S52_comb	-0.0779499803537923	9.5717979197434	19.1323797542564
cy79.p1.CD45.neg.PDL1.pos.AS.C1.R1.G06.S78.comb	-2.63046796107232	-17.8605603703911	0.596137594434947
cy84.Met.CD45.pos.B05.S881.comb	-1.57339805507841	5.61885585135054	-8.72659315792469
cy79.p4.CD45.neg.PDL1.neg.A12.S1068.comb	4.3989632112592	-35.8139887231933	-1.87866623577791
CY80.neg.G10.S82.comb	-16.9682948637544	-0.697046285956959	19.6321923245882
cy80_cd_90_neg_C03_S123_comb	21.3807585541886	-38.6014639905485	-6.52293032732081
cy79.p1.CD45.neg.PDL1.pos.AS.C1.R1.F07.S67.comb	-4.11944509165631	-15.0316230831735	2.23897256176956
cy79.p4.CD45.neg.PDL1.pos.B03.S399.comb	16.812022589129	-1.46616283464956	10.2307387507634
CY89CORE11_B04_S112_comb	0.0602795441811788	-8.3535927281747	-23.8832810755324
CY88_3_A07_S583_comb	1.454110273781	-23.9980161216018	23.4179292193081
Cy81_Bulk_CD45_F08_S164_comb	0.256683982512545	-12.6390710911893	-14.5058248013946
cy94_cd45neg_cd90pos_E08_S344_comb	-8.94207515273259	2.26508394115299	20.7563458460354
cy79.p3.CD45.neg.PDL1.neg.B06.S210.comb	-11.297573955272	-22.6459858815948	-4.55204949134433
cy79.p4.CD45.pos.PD1.pos.D10.S334.comb	0.776175668251098	4.38027144571461	-4.24411588835244
cy80.Cd45.pos.PD1.pos.A08.S20.comb	2.26391082099266	4.63203139603011	-1.995592195762
Cy59_32	34.8568833535255	-22.9709205766162	1.43141332512434
cy53.1.CD45.neg.G03.S363.comb	13.2427192959006	-32.8780663794609	14.2477388949331
CY88_5_B06_S690_comb	16.6008752608189	7.91872526684874	18.1008077882634
Cy67.CD45pos.S2.C3_S27	-6.37676007962543	0.615206726179129	0.184236231824455
cy79.p3.CD45.neg.PD1.pos.AS.C3.R1.G11.S371.comb	-4.74311065229435	-15.8311546178488	4.89799937134207
Cy74_CD45_H06_S474_comb	-15.3848995336446	0.745581070103813	1.70383157603916
cy79.p4.CD45.pos.PD1.pos.E08.S344.comb	0.694042263937334	6.49939674015861	-1.88827128116314
cy80.CD45.pos.PD1.pos.A07.S103.comb	-15.0359552983514	7.82074807422943	5.45647751755834
CY88_5_E10_S730_comb	3.28848553818983	-13.4972635304004	22.7308929724671
CY58_1_CD45_H12_S1056_comb	7.85643971652059	0.0276849046656869	-12.0924289043912
cy79.p3.CD45.neg.PDL1.neg.E12.S252.comb	-6.67840987182589	-30.0861097698141	0.558611339172043
cy80.CD45.pos.PD1.pos.D05.S137.comb	-14.3109104807894	9.00308175800058	-4.58121405161556
CY58_1_CD45_G12_S1044_comb	3.579325028323	-0.696684172347829	-15.142426752497
cy80.Cd45.pos.Pd1.neg.S200.A08.S200.comb	-18.9698982606058	17.441677455581	14.3227823113678
cy60_1_cd_45_pos_HC_pos_HLDAR_pos_E02_S1010_comb	3.64608710118014	16.5217037192963	-30.6154892915768
cy79.p1.CD45.neg.PDL1.pos.AS.C1.R1.A07.S7.comb	-3.53291394240141	-14.8943658303425	2.63608419569507
monika_B10_S109_comb	4.05323555316446	13.7893711558807	-13.5973897631534
CY84_PRIM_POS_All_7_F12_S264_comb	2.52197858059766	1.18314692062547	-1.63725158319223
CY58_1_CD45_D01_S997_comb	-0.630027213415508	5.56016601163539	-1.51632367012505
Cy74_CD45_G10_S466_comb	2.37557421925651	-1.34115099229452	0.709432010390523
cy74.CD45.pos.E11.S731.comb	-1.68775664188928	16.399312580335	-3.69986607237603
cy60_1_cd_45_neg_1_D11_S239_comb	-5.77258475440584	-8.85619162427899	19.8448944126928
cy79.p4.CD45.pos.PD1.pos.D08.S332.comb	-2.33007317966165	4.20570873561859	-18.7835884520774
cy79.p3.CD45.pos.PD1.pos.AS.C2.R1.F11.S455.comb	-15.2302516314268	18.7546623049276	-5.05421774331836
cy53.1.CD45.pos.1.F12.S72.comb	-2.90385146608363	5.96347709188646	-3.33622783112704
Cy80_II_CD45_A08_S872_comb	-5.76655846839934	-4.485548268993	2.938117703596
CY94CD45POS_1_B04_S112_comb	-0.585191440511225	16.3584168981703	-17.9853245786305
cy78.CD45.neg.3.E05.S725.comb	10.8972051095834	-13.8430491194621	23.0553536608826
cy94_cd45neg_cd90pos_D08_S332_comb	2.58151640619118	1.36923678545187	-1.93894689488224
cy79.p1.CD45.pos.PD1.pos.AS.C5.R1.G01.S265.comb	13.7639983586757	24.8272429800355	-8.63257566949037
cy79.p1.CD45.neg.PDL1.pos.AS.C1.R1.D10.S46.comb	-2.78558164175016	-15.9976273362789	-0.868475728416317
Cy74_CD45_D08_S428_comb	11.0304134922233	-10.9218890293607	2.85129665906905
CY94CD45POS_1_B12_S120_comb	11.0193854538185	32.1982784116154	-16.7782433223374
cy74.CD45.pos.C03.S699.comb	-9.31368210781834	8.81343737641015	-14.6850316417039
cy79.p1.CD45.pos.PD1.neg.AS.C1.R2.C05.S509.comb	-12.9714480818242	25.5846645763504	12.1691147617035
CY65_NEG_E_AGAACATT_ACTGTATC	-2.08632869052589	4.86868225161413	-5.56691307560497
cy79.p3.CD45.pos.PD1.pos.AS.C2.R1.E07.S439.comb	-1.04633855224282	2.79386007439847	-8.87332103291443
CY89A_CD45_POS_6_F09_S165_comb	6.57959689389407	3.20287887704634	2.28799925008096
cy78.CD45.neg.1.D07.S523.comb	20.625288130267	-11.3722262349995	-13.749560566241
cy80.Cd45.pos.Pd1.neg.S196.A04.S196.comb	10.9398465328259	6.81817942330907	0.443018206844551
cy79.p3.CD45.neg.PDL1.neg.C12.S228.comb	8.16353926509285	-18.1158428162666	-2.05189663269879
cy79.p1.CD45.neg.PDL1.neg.AS.C4.R1.H07.S187.comb	5.00839847648962	-9.03579530553329	-11.4143290917011
cy94_cd45neg_cd90pos_B12_S312_comb	-7.03164891445371	4.2060098436774	10.1585487129712
cy79.p4.CD45.neg.PDL1.neg.H04.S1144.comb	13.9747104756837	-21.0078598886213	-1.51491109359775
CY58_1_CD45_F05_S1025_comb	11.5708254208794	6.37157076020515	-15.2925621953773
cy82.CD45.pos.1.A07.S487.comb	-6.06001462995869	-1.1375865395114	-2.46001509412795
CY58_1_CD45_A11_S971_comb	-0.852881857336303	3.34080754675135	-3.18495070678798
CY75_1_CD45_CD8_8__S319_comb	-6.70634777293406	8.6137211114537	-1.43701242239678
CY89A_CD45_POS_6_H10_S190_comb	0.3566400079729	0.707727843299933	3.55271173806706
Cy74_CD45_G06_S462_comb	3.05945288549835	3.31193830839892	-4.79449694386818
Cy80_II_CD45_E01_S913_comb	-12.906287640118	-16.1951644100441	27.7068033574358
cy60_1_cd_45_neg_3_H06_S570_comb	-3.95582172672867	-1.17548478223271	13.0485066304238
cy79.p5.CD45.neg.PDL1.pos.G02.S746.comb	-2.23391600972776	-14.5752023210089	6.2355940127143
cy82.CD45.neg.3.H02.S854.comb	-2.75676601012922	-8.47058938091561	8.49793968367653
CY89NEG_C10_S34_comb	-2.92322171887779	-18.5581033106316	2.51821944229134
cy79.p1.CD45.pos.PD1.neg.AS.C1.R2.E02.S530.comb	-2.86014265519918	3.62089126897214	22.974570658029
cy79.p3.CD45.pos.PD1.pos.AS.C2.R1.D08.S428.comb	5.89237162881522	2.96920224912185	-3.99035167829038
Cy81_FNA_CD45_C02_S218_comb	-15.7489475014886	19.8691866450445	-11.9639122941537
cy79.p4.CD45.neg.PDL1.neg.E01.S1105.comb	17.4251501599776	-14.6829498309126	10.097723566413
cy79.p3.CD45.neg.PD1.pos.AS.C3.R1.H02.S374.comb	-12.9688638874738	-13.0243545164874	-7.86092972899731
cy79.p5.CD45.neg.PDL1.neg.D02.S806.comb	-2.87608025215533	-9.25357958562481	-1.25430351985217
cy79.p4.CD45.neg.PDL1.neg.D08.S1100.comb	-4.77028303144519	-17.5348855434966	6.04360954460072
cy53.1.CD45.pos.2.G02.S1034.comb	-6.33422946296798	5.74762496281187	6.39283969063895
cy60_1_cd_45_pos_3_F10_S358_comb	0.339340639451672	-4.11749795681015	2.94411233535652
Cy74_CD45_F08_S452_comb	-0.758867177934495	12.3966735155102	4.28180856477813
Cy67.CD45pos.S2.E8_S56	33.2262116002856	18.0929444998561	4.13486426736305
SS2_F6_S185_comb	11.4452663673491	3.67564410404754	-3.71318254062302
cy60_1_cd_45_pos_3_B05_S305_comb	-0.844938822251991	3.85995543261258	-7.12360957240355
CY75_1_CD45_CD8_7__S221_comb	-2.02566889278327	6.59691981284396	-1.8809976852056
CY65_POS_G_CAAGGCGA_ACAGGTAT	-10.6028710559554	1.42282816270269	-0.296862339181106
cy74.CD45.pos.C06.S702.comb	1.91071748528978	3.31160185278611	-2.68246817471949
CY89CORE11_E04_S148_comb	4.02553294009574	-9.46986131319703	0.579230896387812
cy78.CD45.neg.1.A11.S491.comb	15.552987869002	-10.6221915490245	-9.29279447455673
monika_B1_S108_comb	-4.19277617869556	11.3150263247737	-0.517981006966647
CY89NEG_G08_S80_comb	4.47104969684174	-11.5313978490972	-1.89924875438123
monika_E10_S135_comb	12.5677929914788	0.251339085302875	-5.69475599845785
cy80.Cd45.pos.PD1.pos.D08.S92.comb	-4.52585591473944	6.08888132453889	-1.76063586841677
cy79.p3.CD45.pos.PD1.pos.AS.C2.R1.E08.S440.comb	17.4002953174474	9.27021005602975	8.09128368259161
cy88_cd_45_pos_3_F02_S638_comb	0.962548663359971	-3.23296878287922	7.36178891092924
Cy67.CD45pos.S2.E1_S49	5.610058440463	17.5039753232	32.8038060269512
CY84_PRIM_POS_All_7_E07_S247_comb	-3.32697093677887	-0.771356265218081	-6.62986541124772
monika_C12_S120_comb	18.9540360673081	6.85260113581316	2.03328220949555
cy94_cd45pos_4_B06_S18_comb	-3.81823853319772	-0.852919235966969	4.84767963663324
cy79.p1.CD45.pos.PD1.neg.AS.C1.R2.E12.S540.comb	-14.6425396416586	13.1558834783129	-7.77541954707745
cy78.CD45.neg.1.B08.S500.comb	12.4336183371877	-23.1976506862063	-20.2136057474209
CY75_1_CD45_CD8_7__S256_comb	12.1036371464351	0.977522563853003	-10.1770826245633
cy79.p1.CD45.pos.PD1.neg.AS.C1.R2.G02.S554.comb	-5.38229179533764	-1.77540888400333	-0.480591769388853
cy80.CD45.neg.A09.S393.comb	4.313897384175	-3.53327581059762	-11.0890742636055
cy80.Cd45.pos.PD1.pos.S135.F03.S135.comb	7.40488736133554	-0.529061217651444	1.53468519383989
CY75_1_CD45_CD8_3__S97_comb	9.34059899024717	15.8545354302293	1.66072288171949
Cy67.CD45pos.S2.D3_S39	14.1452399714511	-9.91296154539386	-3.60453351568662
CY88CD45_150813_D09_S333_comb	-11.1654490327679	2.98130023458606	27.538908175785
Cy59_5	-1.51443646764401	-29.3908768491201	-40.3351549949927
cy79.p3.CD45.neg.PDL1.neg.B03.S207.comb	3.53193746367744	-24.9646721874799	12.3775847902919
cy79.p4.CD45.pos.PD1.pos.G10.S370.comb	-0.441731847610532	10.6161248139122	-12.2484651660574
CY58_1_CD45_D07_S1003_comb	5.99931731652552	-1.78351205675626	-4.09506434951305
CY89A_Core_15_F08_S68_comb	2.09746293265031	-1.35181909845222	-2.18394298923315
cy80.Cd45.pos.PD1.pos.A11.S23.comb	-14.0217221004549	7.96674130778954	-10.6999660872223
cy79.p4.CD45.pos.PD1.pos.B01.S301.comb	7.02060813206523	13.7242337486928	-3.08324282668209
cy79.p5.CD45.neg.PDL1.pos.C12.S708.comb	-12.8964092264679	-27.0474181242421	0.515744090311177
CY94_CD45NEG_CD90POS_2_G09_S81_comb	1.56440498540541	-26.8194750104905	-5.17376549551162
cy79.p3.CD45.pos.PD1.pos.AS.C2.R1.F09.S453.comb	3.62328057900023	1.46314287696241	-5.87524753167081
cy79.p4.CD45.pos.PD1.pos.D09.S333.comb	6.65740168282418	-2.4045094008661	3.69679486199026
cy60_1_cd_45_pos_HC_pos_HLDAR_pos_G02_S1034_comb	-2.50664361070932	-9.65066881898472	6.16843022989446
cy80.CD45.neg.H01.S469.comb	-14.8061087001725	4.17020204496253	14.5994264002474
CY94CD45POS_1_D05_S137_comb	4.52628823892134	25.0703035855441	7.73055707168586
CY75_1_CD45_CD8_8__S335_comb	19.6568158006723	3.03818614779097	-11.0162731960648
Cy74_CD45_C04_S412_comb	1.67182109310674	13.8001678351422	-8.55270433905253
CY75_1_CD45_CD8_8__S292_comb	-0.453496368442657	3.78650233137881	-1.58167317956507
CY94_CD45NEG_CD90POS_2_F12_S72_comb	3.93394039674074	0.789212481148643	-1.74765957719268
cy79.p3.CD45.pos.PD1.pos.AS.C2.R1.F12.S456.comb	-6.21106665849219	-1.17184563365784	-11.7113487385516
cy94_cd45pos_4_E07_S55_comb	0.235745547857555	19.0654124071401	-1.13591988485483
CY88CD45POS_2_G05_S461_comb	-5.23476749920467	9.87696828426046	7.05050633552103
Cy74_CD45_H11_S479_comb	9.71111723850468	2.69592576614782	-7.44534088061919
CY75_1_CD45_CD8_7__S210_comb	1.32532227571872	3.78192482048419	-7.99166078996171
CY88CD45POS_2_D05_S425_comb	-17.9029959746047	7.75201127964469	10.3182439096426
cy79.p4.CD45.neg.PDL1.pos.B07.S403.comb	22.3284132305004	-10.5744735246399	-7.00892958352416
cy79.p1.CD45.neg.PDL1.neg.AS.C4.R1.C11.S131.comb	-10.2874787503689	-11.7481671065875	-2.18776388059333
Cy74_CD45_C08_S416_comb	7.1354069944785	-3.76228286217356	-7.31984461763811
Cy72_CD45_C05_S701_comb	17.6116886909824	-4.77101241361965	-6.75201790752608
cy84_Primary_CD45_pos_C08_S416_comb	2.30498526265857	-2.03502779187271	-0.693774257667285
Cy59_40	26.4158650397466	-25.4495977776391	-15.1746620693751
CY89A_Core_15_H12_S96_comb	-1.66085273799062	34.416241170702	2.357932854903
cy78.CD45.neg.3.F08.S740.comb	37.6444980155987	-3.66051640966061	9.39160480608703
cy82.CD45.pos.1.E08.S536.comb	-2.9567287457061	-20.7494101105373	-1.260942121256
cy79.p1.CD45.neg.PDL1.neg.AS.C4.R1.D08.S140.comb	-4.61869461266261	-16.2278926022633	1.83073885650723
CY88_3_D02_S614_comb	-0.249783176043706	3.75028009329109	11.4076360663802
cy79.p1.CD45.neg.PDL1.neg.AS.C4.R1.C09.S129.comb	-3.95947389146212	-15.8389692928318	0.679699095463372
Cy67.CD45pos.S2.C9_S33	30.343460917519	-0.816194924920936	-23.0601457482418
cy78.CD45.neg.3.G07.S751.comb	17.8077984791229	-15.8294853822123	-6.32390329954949
cy79.p4.CD45.neg.PDL1.neg.F03.S1119.comb	-12.4286488075738	-25.0274615647568	9.0867554053474
CY89A_CD45_POS_10_B02_S206_comb	-8.75275730453852	-6.64162810994752	-24.5723904662323
cy94_cd45neg_cd90pos_E02_S338_comb	-5.46828883904962	-2.28482466890015	11.2412413341944
CY88_5_H03_S759_comb	25.1803733193296	-11.253202469979	11.681500578498
CY89A_CD45_POS_6_D11_S143_comb	3.32186873694776	-5.50682865953617	8.16801132631859
CY88_5_H07_S763_comb	-3.86011753457591	-3.46942763818171	25.3416545370159
CY89COREQ1_A07_S295_comb	3.2759383463437	3.93791303664235	-8.39055530961757
CY88_5_F06_S738_comb	3.76587609618225	-7.43534561105638	22.4141289419814
cy84_Primary_CD45_pos_A12_S396_comb	12.9016646066409	10.3731125853261	12.3294514126551
cy78.CD45.neg.1.G05.S557.comb	13.0876555035619	-13.9116456485656	-26.2421112820796
CY75_1_CD45_CD8_1__S11_comb	0.510712108463742	2.01985840357537	-7.03997508554406
SS2_G12_S189_comb	11.535532943163	-6.15911651778623	-9.30572817769632
cy78.CD45.neg.3.C03.S699.comb	17.6001960225048	-6.60484299582968	15.6374224098888
cy74.CD45.pos.B03.S687.comb	-8.01984222636768	0.0930409050240054	-8.08379596288649
CY84_PRIM_POS_All_7_B06_S210_comb	-5.32369152092993	2.20991153229226	-2.03732500399416
Cy80_II_CD45_G10_S946_comb	-0.256974905790777	-1.01229790004395	12.0626840230389
CY75_1_CD45_CD8_7__S242_comb	-3.96554354216133	0.958517010180736	-0.439327813211412
cy81.FNA.CD45.neg.G03.S1035.comb	-4.00845808335283	-27.9987320611965	5.25316317550963
cy81.Bulk.CD45.neg.G07.S175.comb	-7.27288531534083	-18.7416280824142	7.76090357003478
cy58.1.CD45.pos.C02.S602.comb	-5.05396616074825	1.50684089428943	0.430289365757133
cy80.CD45.neg.D01.S901.comb	4.41148028951871	-1.13174423148083	18.5344922655956
Cy74_CD45_B10_S406_comb	4.85310398322037	8.81378093769131	0.210909926258348
CY88CD45POS_7_E09_S249_comb	0.237636850098545	3.58881390660391	0.638074029681058
Cy71_CD45_C04_S508_comb	18.9665835029201	-12.4117843906203	-2.07484995799923
cy79.p1.CD45.pos.PD1.neg.AS.C1.R2.D07.S523.comb	-7.06958577118466	-0.103892574891248	0.533024584179014
cy58.1.CD45.pos.B09.S597.comb	-4.2393383447759	-1.49513359339997	-1.59317519512204
cy60_1_cd_45_pos_3_H04_S376_comb	9.77894059767178	2.2601534631187	4.88608969308841
cy80.CD45.neg.A11.S395.comb	-6.70434528108464	0.371140879415799	-2.44200391554255
cy79.p4.CD45.neg.PDL1.pos.C05.S413.comb	-1.6977563398364	-12.7644967974147	1.36727532839139
CY89A_CD45_POS_4_G11_S467_comb	6.23928445534988	2.30302148132021	-6.34569235733565
cy72.CD45.pos.G04.S940.comb	-4.98911355260916	27.2189005270641	15.3198560269196
CY88_3_E11_S635_comb	15.4532450528152	-29.0276741664808	-1.5506537335913
cy58.1.CD45.pos.H11.S671.comb	-0.796607946307293	5.50337918161746	0.964950936365375
cy78.CD45.neg.3.A03.S675.comb	1.52755391104239	-2.53419297806396	28.3902747589024
Cy72_CD45_E05_S725_comb	-5.88639753516141	0.26352876560029	1.40116528863223
cy79.p5.CD45.neg.PDL1.neg.F11.S839.comb	-3.38864594807479	-13.8910007735345	1.58711606280339
cy79.p5.CD45.neg.PDL1.neg.F02.S830.comb	-0.425926678062499	-20.4311856442323	1.94808390331723
CY84_PRIM_POS_All_7_E03_S243_comb	-3.88755565833714	-3.12284953875983	9.4676821513699
cy72.CD45.pos.E01.S913.comb	-7.28957883338435	-4.62361307142236	-9.12852548042709
Cy59_16	1.46646897686355	-9.11336347289059	1.79762052287908
cy79.p4.CD45.neg.PDL1.pos.B01.S397.comb	1.36650308535459	-18.5897191305652	-2.10716426369162
cy81.FNA.CD45.neg.D03.S999.comb	7.90980063420121	-9.64736074934432	3.3202933744175
cy58.1.CD45.pos.E07.S631.comb	0.348146224073823	-7.69733886287898	-3.0799637438157
Cy71_CD45_G02_S554_comb	-6.82771296884666	-8.32209821629409	-14.3247744540013
cy72.CD45.pos.B08.S884.comb	1.94047249885297	12.8715186632517	12.1790088012231
cy79.p4.CD45.pos.PD1.pos.A04.S292.comb	0.788632622276263	-3.3003009919138	-18.0126689966756
cy79.p3.CD45.pos.PD1.neg.G12.S180.comb	-4.58956985080634	-2.91174726029291	17.0308604351762
CY88CD45POS_7_D02_S230_comb	-3.98545621757429	-10.3007201299718	-5.02483851122935
SS2_G2_S190_comb	-6.21561172403544	7.72726506660906	-3.9604960885161
cy79.p1.CD45.pos.PD1.neg.AS.C1.R2.C02.S506.comb	-7.43503258186475	16.9196409100174	-10.9357794812793
cy79.p3.CD45.pos.PD1.pos.AS.C2.R1.G10.S466.comb	-4.64242236106917	6.21831375904873	3.34058800128531
Cy74_CD45_H09_S477_comb	12.2213770197597	-7.29444486814819	-0.0187801424346544
CY65_POS_G_CAAGGCGA_ACACGATC	-1.93482959121477	23.6391953665908	-18.7054513540307
monika_C11_S119_comb	-1.02050321798548	9.73395988332663	7.20849099577524
cy82.CD45.pos.2.D12.S528.comb	-8.99951080947231	-15.3071808716974	3.67952483650631
cy53.1.CD45.neg.D05.S329.comb	16.8758574070459	-22.6868893096607	-6.96723240739637
Cy81_FNA_CD45_E05_S341_comb	1.24867705521012	-8.39220591872036	5.53314017008752
cy84.Met.CD45.pos.B08.S884.comb	-5.03355080761159	0.284504612608436	11.283397651049
Cy59_61	4.2083226887569	-9.90882894555442	30.8532257028303
cy53.1.CD45.pos.1.A08.S8.comb	-1.8964840769534	-0.151482132628932	-4.22950828888522
cy82.CD45.pos.2.D04.S520.comb	-5.34267926863029	0.600953623787615	-0.329891336527466
cy79.p3.CD45.neg.PD1.pos.AS.C3.R1.G12.S372.comb	0.620053043329244	-19.5500537932192	6.94352198882786
Cy67.CD45pos.S2.G8_S80	-22.5882154452024	2.38284907831524	8.63837525502
cy80.Cd45.pos.PD1.pos.A09.S21.comb	0.984659843614265	17.8779963156665	15.9515322463054
cy53.1.CD45.pos.2.H05.S1049.comb	0.747497532835225	1.45806956686133	-1.59894779082485
cy60_1_cd_45_pos_HC_pos_HLDAR_pos_B02_S974_comb	3.9924104777995	18.9096028026786	-11.9901161462251
cy79.p5.CD45.neg.PDL1.neg.B07.S787.comb	-3.57511529814536	-12.7354236960849	1.82360120000442
cy80.CD45.pos.PD1.pos.H01.S181.comb	3.33045448445587	9.90814493859194	-6.9856930536782
cy74.CD45.pos.F12.S744.comb	-2.70010721904559	1.09378557095343	-0.402823286365598
cy79.p1.CD45.neg.PDL1.neg.AS.C4.R1.F07.S163.comb	-5.50822735624771	-15.1554736730993	3.79600612051034
CY89A_CD45_POS_4_E09_S441_comb	-9.8794905855142	22.7085256544521	0.0478568757131723
SS2_C8_S167_comb	8.33699052201102	14.9139369725878	10.846427920825
Cy59_89	-42.0230125974679	-15.8246630198651	26.1105751235025
cy74.CD45.pos.D06.S714.comb	-0.221676730602659	5.99494707878912	3.7220423041244
CY88_3_G01_S649_comb	-13.7748045270871	-32.1521904340389	6.60382444137511
CY80.neg.B01.S13.comb	-7.98453209547037	-2.95181231893644	12.6370639511681
cy79.p1.CD45.neg.PDL1.neg.AS.C4.R1.D01.S133.comb	-3.02427867131063	-14.1148057455971	3.2227249856909
cy79.p5.CD45.pos.PD1.pos.D06.S618.comb	-4.76593080384961	5.38715089569114	-7.02780466468155
CY94CD45POS_1_A06_S102_comb	18.647124609577	16.409613090037	4.05533417489309
cy79.p1.CD45.neg.PDL1.neg.AS.C4.R1.F01.S157.comb	19.1938985796948	-6.360491111298	6.66778451237494
cy94_cd45neg_cd90pos_A01_S289_comb	1.25515602390675	4.22224223102214	4.82443429264199
cy79.p1.CD45.neg.PDL1.pos.AS.C1.R1.B02.S14.comb	-2.16944138768336	-13.994466544	1.97003061961814
cy80.CD45.pos.PD1.pos.D11.S143.comb	1.1012666358421	-4.10249136046558	11.9140181618632
cy94_cd45pos_F04_S160_comb	-15.7997680288128	8.43927163107449	-23.957744675128
CY89A_CD45_POS_4_C03_S411_comb	-20.2066473735918	5.1226240070099	27.5374050553323
CY75_1_CD45_CD8_8__S299_comb	5.7015746544987	7.26083622546099	-13.9714623071742
cy78.CD45.neg.1.C01.S505.comb	5.53785913467218	-9.00031240958477	-0.750319677417635
cy79.p3.CD45.neg.PDL1.neg.H04.S280.comb	-3.507696016276	-22.2253673491307	2.34681708295739
CY75_1_CD45_CD8_3__S123_comb	0.559365971960891	4.65257328380095	-0.320905978633526
cy79.p3.CD45.neg.PDL1.neg.D09.S237.comb	-3.19491145058337	-15.8025478735233	1.82113918501968
cy79.p5.CD45.neg.PDL1.neg.D08.S812.comb	-4.43920137345977	-14.0554389175881	3.77600729252627
cy80.CD45.neg.D11.S911.comb	8.51565614656654	0.782005353976999	23.3184124568582
cy79.p4.CD45.pos.PD1.pos.F05.S353.comb	6.85899224667708	4.96561293376929	-5.63451258619437
cy81.Bulk.CD45.neg.E11.S155.comb	2.06070615537701	-22.1214483240769	-3.74582386650475
cy79.p1.CD45.pos.PD1.pos.AS.C5.R1.B08.S212.comb	-5.89835801630859	11.5963558962424	-11.0218733977303
Cy80_II_CD45_F11_S935_comb	-0.908396379551189	-12.9797744672115	3.50000116093684
CY94CD45POS_1_D12_S144_comb	0.933121674788126	6.37553500613112	-14.4175507200167
cy94_cd45neg_cd90pos_A06_S294_comb	12.7373545499054	-11.2282686161118	-0.382133817687976
CY89NEG_F05_S65_comb	-0.519749101286464	-14.0603981028004	-0.180723465609013
cy88_cd_45_pos_G07_S463_comb	-1.07682562416207	-2.92913270555178	11.0821419367444
Cy71_CD45_G05_S557_comb	27.2376069451932	-3.13476582064916	26.1428639061671
cy88_cd_45_pos_H11_S479_comb	-1.46626782162882	2.04875719339282	-3.26705696181652
CY88CD45_150813_A12_S300_comb	-6.79481752428782	-16.5266469492292	4.80468126820016
CY89COREQ1_C07_S319_comb	29.8151781642059	31.160874305476	-0.704560084745934
cy72.CD45.pos.H06.S954.comb	6.44300287025207	10.3456800150547	12.8751467672628
Cy81_FNA_CD45_H09_S381_comb	-3.1829577934218	-14.5007920085384	4.68380870316902
SS2_G5_S191_comb	10.6738428563312	12.3391881895855	-0.598402532036773
cy60_1_cd_45_pos_HC_pos_HLDAR_pos_D01_S997_comb	5.29022861022092	1.13634140610552	4.44297495018904
CY94CD45POS_1_F07_S163_comb	-11.0237403329971	12.1928932901886	12.037863036609
CY89A_CD45_POS_6_C05_S125_comb	3.10713531828925	-0.11936732691974	-0.46847713508037
cy80.CD45.neg.D08.S428.comb	-13.8239737674187	38.920887195525	-4.79011951071545
cy79.p3.CD45.neg.PD1.pos.AS.C3.R1.G10.S370.comb	-6.90381998807717	-21.749881008077	1.12918762930413
Cy74_CD45_A04_S388_comb	3.22777348405492	11.7751517339727	-4.2368165894253
cy79.p3.CD45.pos.PD1.pos.AS.C2.R1.E05.S437.comb	-13.7147421276913	-0.66187242325409	12.2222016543101
cy78.CD45.neg.1.D09.S525.comb	15.4716744582696	-28.6433927623881	-14.5226408916789
CY75_1FNA_G03_S555_comb	-0.23106983345643	-4.12252181621837	-2.22603274389333
CY88CD45POS_2_D03_S423_comb	-2.46739226219889	20.7435249973803	-11.9249330322395
cy80.CD45.neg.E02.S914.comb	1.19425175145655	-6.34976201283279	17.0516765185113
CY94_CD45NEG_CD90POS_2_H07_S91_comb	2.62834005041897	-6.47313898702129	-3.26651651864185
Cy67.CD45pos.S2.C6_S30	13.597452230892	17.2788566491001	-9.68054878385782
CY89A_CD45_POS_10_G09_S273_comb	7.6560314210338	8.42975991902691	-1.34394690595081
cy53.1.CD45.pos.1.E08.S56.comb	-2.40370315795285	3.394288627191	-3.63953938190766
CY89A_CD45_POS_6_F08_S164_comb	-7.28354611849406	1.48564289696908	0.107863510781224
cy53.1.CD45.pos.2.E04.S1012.comb	-11.6622808315392	2.46465923215949	-6.54474026552771
cy80.CD45.neg.E11.S443.comb	-10.8079844211518	4.0439431787782	-12.0091958543173
CY89A_Core_15_B10_S22_comb	10.8091570030709	40.4629344368645	3.42476764940256
Cy80_II_CD45_H07_S955_comb	-4.94370443274228	-1.38366074668553	20.6899255577209
Cy81_Bulk_CD45_E01_S145_comb	2.48836970382084	-7.05552969915672	13.3826424296395
CY75_1_CD45_CD8_7__S257_comb	9.23855686961938	7.11585669763395	-4.16176431164539
cy80.CD45.pos.PD1.pos.G09.S177.comb	-2.64829747527364	-0.87452311503463	-0.320354577838391
cy80.Cd45.pos.Pd1.neg.S222.B06.S222.comb	-18.6864529635086	12.0512207431925	-14.3172884532937
cy79.p1.CD45.neg.PDL1.neg.AS.C4.R1.D12.S144.comb	-5.16049231268762	-15.1641184904557	2.47210067011614
Cy71_CD45_H01_S565_comb	1.34209557884936	-15.0351902847475	2.61756867264707
cy74.CD45.pos.A10.S682.comb	-0.402582855102126	-0.898163956155169	-1.47546866778339
cy58.1.CD45.pos.C11.S611.comb	3.42572199465608	-7.32121613178529	-0.22851671068345
cy79.p3.CD45.neg.PDL1.neg.F11.S263.comb	-6.72387678532646	-21.5678081714819	-3.41659859386644
cy60_1_cd_45_pos_3_G12_S372_comb	1.67264845720901	-1.04551289732041	-0.88125578070146
cy79.p1.CD45.pos.PD1.pos.AS.C5.R1.F08.S260.comb	1.11837764330991	1.76818350696512	-3.72783060113664
CY88_3_H03_S663_comb	-2.48289853819283	13.6198742039206	8.16906474768417
cy80.Cd45.pos.PD1.pos.B04.S40.comb	-4.93845312304744	9.074786798422	2.21243520932429
CY89COREQ1_G08_S368_comb	1.65364332742968	-2.33718557735022	9.81490272406071
Cy71_CD45_E01_S529_comb	2.56161915267842	9.66975713088649	8.46582367139766
cy80.CD45.pos.PD1.pos.F07.S163.comb	4.37851842914257	4.6112087871888	-4.54620137571272
cy58.1.CD45.pos.C04.S604.comb	-0.378717047293194	3.36920806403994	-0.752357263433614
cy80.Cd45.pos.PD1.pos.S168.G12.S168.comb	-4.70627607581403	13.9193994187417	-3.06286853036484
CY88_5_D11_S719_comb	-10.6584369788626	-4.72816205688821	24.0578537591193
CY89A_CD45_POS_4_G05_S461_comb	-4.54770217407378	34.8412614750944	-22.0112725334116
CY89CORE11_F06_S162_comb	2.29307553381424	-14.2643525722839	0.329393284836515
Cy80_II_CD45_G07_S943_comb	8.39736189382558	-7.28449621159699	18.6326847320249
Cy74_CD45_E04_S436_comb	-18.0641131330512	3.28719668221146	4.87525162028627
Cy80_II_CD45_H09_S957_comb	-2.37972268811803	-15.8623241951363	30.4771168040605
cy58.1.CD45.pos.H04.S664.comb	1.57514563381083	2.90529365462436	1.93316110907342
cy60_1_cd_45_pos_3_E05_S341_comb	-5.0452798353959	-0.873612167154971	2.0586536261649
cy58.1.CD45.pos.C12.S612.comb	1.09276311767034	5.02537431697979	1.66429330051095
cy72.CD45.pos.D06.S906.comb	-5.8287727900376	10.1698741960082	-27.8555191663353
CY88CD45_150813_H12_S384_comb	-18.1660300704778	-1.28292662550317	-2.5639157032342
Cy59_72	6.13069336242872	-14.9884419543543	-8.40090772171692
Cy67.CD45pos.S2.D4_S40	-5.73262573169618	13.2411985376692	1.40703190925031
cy79.p4.CD45.neg.PDL1.pos.D02.S422.comb	-15.5494908826051	-21.3273270524975	-10.1403259959136
cy80.CD45.neg.B11.S887.comb	-20.9356032539927	-14.3030519402369	-11.5708204414306
cy79.p1.CD45.pos.PD1.pos.AS.C5.R1.H11.S287.comb	-8.46493359306344	11.1521543214967	1.69734070167443
cy79.p1.CD45.pos.PD1.neg.AS.C1.R2.H09.S573.comb	-6.35499403967568	-2.47339371878557	-5.66647799832637
cy79.p3.CD45.neg.PDL1.neg.A07.S199.comb	30.1256815864484	-3.69168462041984	4.06277716642453
Cy81_Bulk_CD45_E06_S150_comb	-3.89444281485	-28.3073734399738	11.5891041966381
cy79.p5.CD45.neg.PDL1.pos.A08.S680.comb	7.87408032357923	-27.6059908095417	3.41263154446673
Cy81_Bulk_CD45_B12_S120_comb	7.08828749541998	-22.4454462082197	7.26229969000768
cy94_cd45pos_C03_S123_comb	-2.27221510020862	1.01329893783158	14.5394857990328
cy79.p5.CD45.neg.PDL1.pos.D02.S710.comb	13.7086734226819	-7.20086568197014	9.92678904005586
cy80.CD45.pos.PD1.pos.C01.S121.comb	5.25197802961516	7.94444213324968	-5.66773744592367
cy79.p4.CD45.pos.PD1.pos.H10.S382.comb	2.1893148294957	9.54170855079512	-17.3796699068879
CY58_1_CD45_C05_S989_comb	1.49936641709393	1.39684933037298	-5.15250831019093
cy88_cd_45_pos_E05_S437_comb	-6.73788205662023	25.395166924914	36.8743617366727
cy78.CD45.neg.1.C06.S510.comb	24.9058713471992	-16.9146701959853	-9.50513353298692
Cy74_CD45_D10_S430_comb	15.2138015336634	6.42549506222995	-11.2179230506536
cy79.p4.CD45.neg.PDL1.neg.G06.S1134.comb	15.6236179470846	0.0978900553554905	17.4707778272257
cy79.p5.CD45.pos.PD1.pos.A11.S587.comb	-12.7645294269089	11.0128602475868	7.6533935752479
cy53.1.CD45.neg.H03.S375.comb	-12.0287566346003	-3.38443115535908	16.0818280263814
cy81.FNA.CD45.neg.E09.S1017.comb	5.27493736378013	-11.7313992290851	-5.13943825490897
cy79.p1.CD45.neg.PDL1.pos.AS.C1.R1.A11.S11.comb	-5.96897006157602	-13.8070302443618	-0.798556346670867
cy79.p1.CD45.pos.PD1.pos.AS.C5.R1.C12.S228.comb	-1.25096746149577	1.04781853378821	-6.95591233617508
cy80.CD45.pos.PD1.pos.H06.S186.comb	5.0737889569195	15.7437043882585	-21.3779170956634
CY94CD45POS_1_F04_S160_comb	-25.0341791471311	8.21789647491513	3.875975356962
cy79.p4.CD45.pos.PD1.pos.B10.S310.comb	-34.408886366345	3.02308382568952	-21.439870567738
cy94_cd45pos_H09_S189_comb	-1.57175709838567	-7.74891613175733	20.8650596697935
cy94_cd45neg_cd90pos_H08_S380_comb	-5.22622857808213	0.759896689291057	-1.46201059316222
cy79.p1.CD45.pos.PD1.neg.AS.C1.R2.D03.S519.comb	-16.4770266400218	21.6233128595889	0.204751750805663
cy79.p5.CD45.neg.PDL1.neg.G04.S844.comb	-8.00176742748663	-11.3459432116621	4.22228689872258
cy94_cd45neg_cd90pos_C05_S317_comb	-3.13547951628435	-3.78493390895657	-2.67639492578783
CY89NEG_G01_S73_comb	14.1409924960377	3.77932948680191	12.1453422365134
CY58_1_CD45_A06_S966_comb	3.77060026563854	0.332812714537526	-11.1943355307172
CY75_1_CD45_CD8_8__S289_comb	13.057933038208	6.03600075752846	5.30385621476143
cy78.CD45.neg.1.B04.S496.comb	24.2291963274105	-4.35119641889625	-26.4879511802057
cy79.p5.CD45.neg.PDL1.pos.H03.S759.comb	-3.59033014680298	-22.051417918813	7.25707827319255
cy80.CD45.neg.B06.S882.comb	-1.03089976112429	-2.42254042817627	5.69742677817879
cy79.p3.CD45.neg.PDL1.neg.H05.S281.comb	1.32084563971659	-23.9493358022787	5.22437871031853
cy60_1_cd_45_pos_4_H03_S87_comb	-16.9613671385955	28.9170535022578	3.88116451290232
CY89A_CD45_POS_6_F01_S157_comb	3.59198200503739	2.20820589988079	0.103586517812702
CY80.neg.G06.S78.comb	-0.0889028251429806	-11.8677766479397	-0.536573751779212
cy80.CD45.neg.G02.S938.comb	-6.73886613192723	-4.49553957350662	9.72341455893347
Cy81_Bulk_CD45_G02_S170_comb	24.7683794445836	-1.47274745526702	11.7619309410071
cy94_cd45pos_B11_S119_comb	3.57478547309373	-0.933495608130496	9.01144864822528
cy74.CD45.pos.E12.S732.comb	-4.98726425550031	7.05069293084239	0.288455046187069
cy60_1_cd_45_pos_4_C03_S27_comb	0.268309460902497	1.99630303021916	-13.865097031124
cy53.1.CD45.pos.1.D11.S47.comb	-4.71996124989005	-0.589694466979422	-1.0949846249245
cy60_1_cd_45_pos_HC_pos_HLDAR_pos_H09_S1053_comb	8.82282090825749	7.04216633757677	6.47314398731741
cy79.p3.CD45.pos.PD1.pos.AS.C2.R1.G07.S463.comb	-2.76364850479795	16.860381615993	5.39244117272485
cy79.p1.CD45.pos.PD1.pos.AS.C5.R1.C03.S219.comb	6.96638620894173	10.0776171649408	7.0705439025928
cy79.p4.CD45.neg.PDL1.neg.H01.S1141.comb	3.14343003419906	-34.1750612169479	7.16556768072966
cy79.p1.CD45.pos.PD1.neg.AS.C1.R2.B03.S495.comb	17.6519109020219	29.7137234715416	2.20131477410686
cy72.CD45.pos.B03.S879.comb	-6.84132007107234	2.26237296266276	-1.01375945645648
CY89NEG_A12_S12_comb	8.4104906276868	-15.04210513582	-0.632654884690121
cy80.CD45.neg.D03.S903.comb	-2.70151186026485	-11.6179510449365	5.66517106624613
Cy72_CD45_F09_S741_comb	-3.86519045581825	1.44789664359853	0.932782444433714
CY89NEG_B06_S18_comb	-0.822490046556045	2.2562619776132	5.21613549803714
CY89A_Core_15_A03_S3_comb	20.8678644615628	22.2615489464109	-11.9053415588948
CY89FNAQ2_D06_S426_comb	-4.12749485110299	-15.8368503877062	8.16813244902609
CY88_5_C05_S701_comb	11.8071633643976	-12.6668189861388	6.80614944112083
cy79.p5.CD45.neg.PDL1.neg.G02.S842.comb	-2.63566966252798	-19.0899821141077	-6.98902008261502
cy79.p1.CD45.pos.PD1.pos.AS.C5.R1.C05.S221.comb	-6.02605478059056	5.23051906927861	-3.90079632936577
CY89COREQ1_A04_S292_comb	-6.14311621485097	3.51055662868926	-14.6378217498749
cy79.p1.CD45.pos.PD1.neg.AS.C1.R2.F03.S543.comb	-5.36810918408068	1.05832502123968	2.17812094826709
cy60_1_cd_45_pos_HC_pos_HLDAR_pos_G08_S1040_comb	-1.73722136114019	-2.49574312982862	13.873139856706
CY75_1_CD45_CD8_1__S71_comb	0.815824660989536	3.36811677453576	-3.16262628390303
cy88_cd_45_pos_H12_S480_comb	13.5650231487803	-1.8520081167595	2.51124230582834
cy80.Cd45.pos.PD1.pos.C09.S69.comb	5.91042011208899	3.73195056225498	-9.45998048179938
cy79.p5.CD45.pos.PD1.pos.F10.S646.comb	5.55257860266654	6.82348369157648	-2.83362711093952
CY65_POS_E_AGTGTCTT_ATTCCTCT	5.82004392918814	42.2507103553462	-9.40403386974059
cy79.p3.CD45.neg.PD1.pos.AS.C3.R1.C01.S313.comb	19.9051519787928	-5.40098176289306	-0.316448734699369
cy81.Bulk.CD45.neg.E10.S154.comb	9.24777997189777	-10.3722880193283	12.9017092066848
cy60_1_cd_45_pos_4_B06_S18_comb	0.532246105584743	0.278747390018109	-0.793798020884722
cy72.CD45.pos.F07.S931.comb	-5.84284337880253	-0.467027640857707	0.374532795038025
CY89A_CD45_POS_4_E04_S436_comb	2.77501011904748	2.95300707078533	10.1389060049748
cy79.p1.CD45.neg.PDL1.neg.AS.C4.R1.H08.S188.comb	26.8408078440042	-4.86451664960684	-5.4013713563127
cy79.p1.CD45.neg.PDL1.pos.AS.C1.R1.D04.S40.comb	-3.69947025407503	-16.3007893464464	2.85993074940139
cy58.1.CD45.pos.D03.S615.comb	-7.30670379194234	6.33138393133662	-10.3993460743625
CY89A_CD45_POS_6_A08_S104_comb	-7.58118261796143	8.51131117497157	10.2154766282377
cy81.FNA.CD45.neg.H09.S1053.comb	7.39674405974509	-13.7397126760527	2.15018533745159
CY88CD45_150813_D01_S325_comb	3.67799530574488	-2.80069709531958	1.75777709906975
cy79.p5.CD45.pos.PD1.pos.C01.S601.comb	3.07636543758677	9.89086559500986	4.38225849973051
cy80.CD45.neg.D09.S429.comb	-6.81342002953225	1.19174077677761	-0.89321052275247
cy84_Primary_CD45_pos_C09_S417_comb	-13.394116355923	3.39559038055652	7.83931738389667
cy94_cd45pos_B06_S114_comb	-3.66247767549759	20.0745648312526	-25.705452842826
SS2_F5_S184_comb	-10.167904765899	7.89384998378978	-7.36051564834819
CY84_PRIM_POS_All_8_E11_S155_comb	2.93095137640489	1.24845201903222	-1.96148303171862
cy79.p1.CD45.neg.PDL1.neg.AS.C4.R1.F09.S165.comb	-5.97113888841321	-11.6065004984711	-1.74355781693631
CY89COREQ1_D03_S327_comb	-8.35242531871508	11.5379849295252	-5.53298246468979
cy80.CD45.neg.C08.S416.comb	-12.7180723335584	0.117613425786804	-10.8728501844242
Cy71_CD45_D04_S520_comb	37.8137229363569	2.98798135125161	-11.7863561270325
cy79.p3.CD45.neg.PDL1.neg.C02.S218.comb	-20.625327224539	-10.1840675627323	-5.01426441532331
Cy72_CD45_B05_S689_comb	0.650277622824662	7.30500075693136	-24.6789913091918
Cy74_CD45_H12_S480_comb	9.09830164797921	4.90408044373049	-11.2894268388029
CY75_1_CD45_CD8_3__S108_comb	10.006483968062	5.66258197984162	10.0466724253015
Cy81_FNA_CD45_B11_S311_comb	4.5342083022128	-17.3889334511329	-0.00763105058100971
cy80.CD45.neg.A07.S391.comb	2.02413449247027	14.1033498466412	7.72463011657415
cy60_1_cd_45_pos_3_B10_S310_comb	-0.554388209129865	12.4812349582492	-5.2956232144432
cy58.1.CD45.pos.C07.S607.comb	-5.01204227249519	12.4799228844168	4.56447671820077
cy80_CD_90_pos_G06_S942_comb	2.85013906755364	-4.19212406997314	-0.503903058038024
cy60_1_cd_45_pos_3_E08_S344_comb	0.562863549105923	0.730955353932076	10.113732695198
CY89A_CD45_POS_6_F05_S161_comb	15.3032882553419	-7.24139685862737	-14.0954629048997
CY88_5_D12_S720_comb	12.0307669044147	-3.15996539451026	12.6508056971102
CY89A_CD45_POS_4_B10_S406_comb	7.95139105629779	1.43327367756742	-3.08975566328321
Cy72_CD45_G08_S752_comb	-7.18006067192201	-2.47981760021989	0.60473706353884
CY88_5_F03_S735_comb	-4.6407524972058	-0.345409448483562	34.064601659771
CY84_PRIM_POS_All_8_B11_S119_comb	-0.233479288654542	-1.30918938785003	3.59431104446568
CY88CD45_150813_B05_S305_comb	4.13590107598916	0.861214173100977	12.571211945281
cy80.CD45.neg.E01.S913.comb	4.1944554719235	-9.4675643025472	10.804213560442
CY89A_CD45_POS_6_F03_S159_comb	-1.56263760302267	0.190348803008016	6.54963710963124
Cy74_CD45_C07_S415_comb	-4.18479530196726	-14.0512165417652	2.5961457911063
cy94_cd45pos_B04_S112_comb	3.47482493448049	7.30565214121102	24.7692732182196
Cy80_II_CD45_F12_S936_comb	7.65792925713488	-3.64699238526488	8.22071703562103
cy53.1.CD45.pos.1.G04.S76.comb	5.85154470633744	8.42629956523948	3.42621284896234
cy80.CD45.neg.D07.S907.comb	7.81885790994302	4.66544128908638	15.8061871259457
CY65_POS_A_AGAACATT_CTACCAGG	11.6106038579748	-14.0761648115482	-2.18397714929841
cy94_cd45pos_F01_S157_comb	-29.2789508233893	5.83274638929925	-7.41116772720416
cy79.p4.CD45.pos.PD1.pos.G01.S361.comb	16.5361750760966	19.796768766987	21.8390980689416
CY65_POS_C_AGGATGTG_CTACCAGG	-7.04739983689352	-17.5532934045517	2.74827704139725
Cy80_II_CD45_B12_S888_comb	-4.94213170731176	-25.0947996835737	-19.680849912653
cy78.CD45.neg.3.E10.S730.comb	-4.46519289577096	-43.3591734095492	-6.77957867028776
cy79.p1.CD45.pos.PD1.pos.AS.C5.R1.H03.S279.comb	1.33492942143632	8.32602097509211	-1.20155777856707
CY89FNA_C09_S225_comb	-2.58331422815121	27.4733107905989	5.80851916110676
CY65_POS_H_CAAGGCGA_CAACTCTC	2.82929427620997	1.81753013093397	-8.45079043018399
SS2_C5_S166_comb	-7.18393219882684	6.97172219422287	-20.0943790665541
CY89A_CD45_POS_10_G06_S270_comb	-13.8904752729254	11.5084017599864	16.6429805219472
cy79.p1.CD45.pos.PD1.neg.AS.C1.R2.G11.S563.comb	9.69316977770949	25.9939679920972	0.683852384846684
Cy72_CD45_G09_S753_comb	-22.4264273902313	31.2127584669087	15.2542754884626
cy79.p3.CD45.pos.PD1.neg.F09.S165.comb	-28.4743483415196	10.7992254756691	-15.8601147469461
cy79.p4.CD45.neg.PDL1.pos.E04.S436.comb	-10.8513019153453	-19.577825921687	1.24660641778338
CY89FNA_A03_S195_comb	0.990176336424672	-3.33175403377621	0.563486966152696
cy79.p3.CD45.neg.PDL1.neg.G05.S269.comb	-7.64823056004067	8.56894448337581	4.67054611713119
CY88_5_D10_S718_comb	-33.5509020056837	-15.5397705675993	0.0432492312813426
CY89CORE11_B07_S115_comb	-2.26670615205429	-15.3484707094215	-4.07956151933062
cy94_cd45pos_4_D05_S41_comb	-6.80028161364536	14.3553508966421	8.84357044885047
cy79.p3.CD45.neg.PDL1.neg.C01.S217.comb	-4.68797488400603	-12.7633641682524	0.499102838117132
CY89A_CD45_POS_6_H09_S189_comb	5.25145869940191	26.06044876141	-22.9095448742947
CY84_PRIM_POS_All_6_E04_S436_comb	9.92617624067414	-2.92906003080403	1.70325415110772
CY88_3_D05_S617_comb	-2.32740810158712	5.25449611066003	15.3147119461485
cy80.CD45.neg.H11.S479.comb	2.54023438617998	-0.804129529583031	-8.07428431335841
cy74.CD45.pos.D02.S710.comb	1.6225198124442	5.71544854010986	-4.31126777571673
Cy67.CD45pos.S2.A10_S10	4.01864540904622	38.1983121525644	12.6931659024634
cy80.CD45.neg.E01.S433.comb	12.3544798855679	8.36072714484274	-22.5752222753013
cy94_cd45pos_4_B08_S20_comb	6.91928286782722	-1.45170814066451	-1.35636636970874
Cy81_Bulk_CD45_E10_S154_comb	-5.93346564193186	-18.3625077662724	14.1968130990986
cy80.CD45.neg.D11.S431.comb	9.88716773871232	10.2506301768082	-11.8463628586507
cy60_1_cd_45_pos_4_C06_S30_comb	4.77516273500802	4.4291634552644	-2.38393859488772
CY89COREQ1_F11_S359_comb	1.98146645489073	0.660458342245409	-6.475495792708
CY88CD45POS_2_E03_S435_comb	5.78989232843822	0.464922268792869	-2.60372282505969
cy79.p1.CD45.neg.PDL1.neg.AS.C4.R1.F02.S158.comb	-5.67567417314261	-13.7016863953919	3.03694659407777
cy79.p3.CD45.neg.PDL1.neg.B08.S212.comb	-4.2801698689158	-15.4810002283752	-10.6547327958467
cy79.p1.CD45.neg.PDL1.neg.AS.C4.R1.B06.S114.comb	-4.20244861489385	-15.3134036383214	3.14189408065939
cy80.CD45.pos.PD1.pos.C11.S131.comb	7.43474536793638	20.9883055993282	4.30125771373833
CY88CD45_150813_D05_S329_comb	-1.64062002215606	0.338835905112768	-10.1442088689941
cy74.CD45.pos.A08.S680.comb	-10.2220326792183	21.7516093597001	-6.91666618836915
cy82.CD45.pos.3.G08.S80.comb	1.63695196832733	3.45274049598568	-4.54713234255135
cy80.CD45.pos.PD1.pos.H12.S192.comb	6.10714450309228	11.783840601153	0.758254238942011
CY80.neg.C09.S33.comb	-2.40823656949427	-15.4216672831915	2.73498591387304
cy84.Met.CD45.pos.H10.S958.comb	-4.39650449619686	28.9381367079115	-13.8661448990699
Cy71_CD45_G10_S562_comb	8.40157968084769	7.99201937072848	-8.17719257190434
CY89A_CD45_POS_4_B08_S404_comb	-8.83902008674963	15.7928263338321	-0.732808422444035
cy79.p3.CD45.neg.PD1.pos.AS.C3.R1.C05.S317.comb	-5.25235671219319	-18.0910933291749	-2.76045937521988
cy94_cd45neg_cd90pos_G02_S362_comb	-5.7042642511213	0.0244423539008711	0.0426285970286011
Cy72_CD45_E11_S731_comb	8.38310123185957	-0.737030229069801	-47.775394173579
cy79.p1.CD45.pos.PD1.pos.AS.C5.R1.F10.S262.comb	-3.17705277122669	7.27066330705979	-5.37667926721661
CY89A_CD45_POS_4_A02_S386_comb	-8.62248490938739	7.44761644077345	1.38597872828868
Cy81_FNA_CD45_C11_S227_comb	4.4925142469827	-0.261230117500819	-5.93600992506723
CY75_1_CD45_CD8_3__S133_comb	6.16748166899791	4.89021061077018	5.64045942882846
cy80.Cd45.pos.PD1.pos.S167.G11.S167.comb	4.60062797056573	6.85087788688329	-8.87696028398535
CY89FNAQ2_C06_S414_comb	2.34986734773175	-10.6222305965718	0.398706430031026
cy60_1_cd_45_pos_3_A05_S293_comb	7.79636080615699	-8.53402078783291	-6.10182334587155
CY94_CD45NEG_CD90POS_2_A09_S9_comb	-5.48768623338016	-1.33052179641103	0.344045074297072
CY89A_CD45_POS_6_A04_S100_comb	-2.76302756997977	-1.49579276193941	11.2281938617071
cy60_1_cd_45_pos_HC_pos_HLDAR_pos_D10_S1006_comb	-4.68188037372349	-0.685610772927347	0.426817212032865
cy88_cd_45_pos_E06_S438_comb	-0.952028256211358	-2.8082181411525	8.49754738225697
CY89A_CD45_POS_6_B07_S115_comb	-21.5160178560422	3.45284365895356	0.521630673107096
cy79.p5.CD45.pos.PD1.pos.C11.S611.comb	-2.16887804650531	3.93230500612154	0.616985761794516
cy80.CD45.neg.G07.S943.comb	-6.26694596857483	-1.66597847857684	2.62079585118718
Cy81_FNA_CD45_D11_S239_comb	17.5647684800716	10.0680622244782	-2.53310431996428
CY75_1_CD45_CD8_8__S372_comb	2.55001998359399	4.25565406739195	-5.91947013413973
cy79.p4.CD45.pos.PD1.pos.E03.S339.comb	13.2035207709157	10.968106102732	-7.69405750348105
cy79.p4.CD45.pos.PD1.pos.E07.S343.comb	14.1164684296927	9.94175565186532	2.33867248442047
cy88_cd45pos_5_F04_S256_comb	4.16791688964535	10.2196964185486	-10.9517754557863
cy53.1.CD45.neg.D08.S332.comb	0.306313288784158	-1.0409201669101	7.34187723769918
CY89A_CD45_POS_6_H02_S182_comb	-2.53332560318689	11.2624169330058	11.6471576702301
cy88_cd45pos_5_G04_S268_comb	31.6337391294095	7.87137294243826	3.32546830371094
cy94_cd45pos_F02_S158_comb	-22.0982173764324	8.82529188672228	-5.35551657347068
CY89A_CD45_POS_6_A05_S101_comb	1.48173538715331	-3.15414821023674	2.1579692029491
cy60_1_cd_45_pos_HC_pos_HLDAR_pos_H02_S1046_comb	0.488372106167994	-6.06404883463625	3.65005425799756
CY65_NEG_A_AACATAAT_ACACGATC	-4.92924814761092	-18.8132954678698	4.05259719691405
CY94_CD45NEG_CD90POS_2_C02_S26_comb	7.64118537975931	0.0700869714114232	14.0802807369319
cy80.Cd45.pos.PD1.pos.S181.H01.S181.comb	10.9838038204172	0.0346171672908333	-1.35049013290492
cy79.p5.CD45.neg.PDL1.neg.G01.S841.comb	24.1863913111821	-29.3069609066117	5.55417119646684
cy79.p3.CD45.neg.PD1.pos.AS.C3.R1.C02.S314.comb	2.8615958999729	-19.880788876664	1.28570529008266
CY88CD45_150813_F11_S359_comb	-12.7508480849362	10.9451857890627	1.83136092892262
Cy67.CD45pos.S2.F4_S64	16.7907031442703	15.3164484410258	-3.59795883491122
CY88CD45POS_2_C07_S415_comb	1.47293266663829	21.0472201871624	-7.05268045166931
Cy80_II_CD45_G05_S941_comb	-0.371366609644996	-13.4047007078088	1.6628331035865
cy80.CD45.neg.H02.S950.comb	1.83867999681271	-7.09493991500477	-1.17521662747024
CY88CD45_150813_E06_S342_comb	-15.7004107048012	14.4027181070451	1.44889918069388
cy60_1_cd_45_pos_3_E09_S345_comb	4.34606583073883	3.29473926440224	-6.35347137679361
cy81.Bulk.CD45.neg.G01.S169.comb	-0.264745535251483	-9.95423137256156	1.21241078915266
cy94_cd45pos_C12_S132_comb	-5.25335864660709	20.2053036058187	12.3177857874091
CY65_NEG_E_AGAACATT_AAGTAGAG	-13.1934044334579	6.30896836019835	0.0737427435986138
CY94CD45POS_1_F05_S161_comb	-2.01965027532133	0.683715355027066	11.3475517912669
cy78.CD45.neg.2.B10.S598.comb	32.0860101973001	-9.24250765489542	-15.7058594153706
Cy80_II_CD45_A01_S865_comb	-9.67254471103573	-10.4546043360881	16.5980472702447
cy82.CD45.pos.2.G12.S564.comb	-25.9738892276359	9.08629008135344	16.2624662918864
cy78.CD45.neg.1.A03.S483.comb	18.5984898393276	-3.82980462978249	-14.8799341052492
Cy81_FNA_CD45_H02_S278_comb	2.35510152308077	-0.304463280052816	-3.57723934171434
CY89A_CD45_POS_4_F05_S449_comb	14.0627238918216	0.877178262188874	-15.1767219020972
cy79.p5.CD45.neg.PDL1.pos.G05.S749.comb	12.0429759647786	-17.2807417137086	-4.46098217176787
cy53.1.CD45.pos.2.B04.S976.comb	-3.4431033694187	-3.23394265715067	-5.54946967641767
cy88_cd_45_pos_D01_S421_comb	0.916544306669025	3.49640002267078	-1.26692190188543
CY75_1_CD45_CD8_1__S95_comb	7.284931041497	12.7138978453526	-8.87962024683756
Cy81_FNA_CD45_F03_S351_comb	1.00927225001716	-17.984908248851	15.6919029591541
cy82.CD45.pos.2.B04.S496.comb	-12.5700900314126	15.6417183508906	-32.4464336044669
CY88_5_B05_S689_comb	28.6394818401554	-12.3304304659862	-1.55293462059125
CY88CD45POS_7_C01_S217_comb	-0.954202432472465	2.0797626276012	3.06274176513191
Cy81_FNA_CD45_A03_S195_comb	3.85598556277962	-2.79815272719795	-6.22687958303803
cy53.1.CD45.pos.1.E12.S60.comb	-0.940300574602693	2.07677525302362	-1.72891697117999
cy78.CD45.neg.2.C05.S605.comb	6.45706636844908	-9.85227254031238	-2.5057164772683
cy80.CD45.neg.D09.S909.comb	6.72863449031749	1.19086826593391	8.49015147015952
cy82.CD45.pos.1.F08.S548.comb	-45.2215171289558	-1.23878728656479	11.2740302006624
cy79.p4.CD45.neg.PDL1.pos.C11.S419.comb	-14.7575860408387	-5.98831369391696	-2.69855399913912
SS2_E1_S175_comb	-3.02954396005048	15.2812662816004	0.640419710208176
cy60_1_cd_45_pos_3_C06_S318_comb	0.927172015680901	1.25013304310636	-8.95577368718918
CY89A_Core_15_H09_S93_comb	5.16944406361409	0.414944403764607	0.542010201849683
Cy74_CD45_D04_S424_comb	3.39451875131662	5.89595564491692	-6.38924522217912
CY89COREQ1_A01_S289_comb	2.43895626193423	-4.41344778271408	1.08595546594963
Cy81_Bulk_CD45_C05_S125_comb	-13.3050196789252	-18.2659342652244	6.92345464330684
Cy81_FNA_CD45_H04_S376_comb	3.89051920712575	-13.0593503570373	15.6203488312336
cy81.Bulk.CD45.neg.C04.S124.comb	-1.80790693485935	-7.92165390588908	13.7797032615542
CY89A_CD45_POS_6_B03_S111_comb	-16.0365023140495	-16.7649231811803	-2.23344631531727
cy79.p1.CD45.pos.PD1.neg.AS.C1.R2.E07.S535.comb	-4.2626163986942	-1.7488068636849	0.0979046306582541
cy53.1.CD45.pos.2.D06.S1002.comb	-3.83170764186205	-0.258897890000403	0.255749691265636
cy82.CD45.pos.2.A07.S487.comb	4.77846104968781	1.64324538634277	-4.57215673965426
cy58.1.CD45.pos.A08.S584.comb	3.52070727591513	4.74867667288061	1.72904687833425
cy79.p3.CD45.neg.PDL1.neg.G01.S265.comb	7.63160554143247	-12.604052504669	-2.03303627281899
CY88_3_B09_S597_comb	16.6183716203977	-23.5374447771665	3.98923015598356
cy79.p1.CD45.pos.PD1.neg.AS.C1.R2.E09.S537.comb	-12.7321169394996	24.4764302530615	-23.0294860532163
cy79.p3.CD45.neg.PDL1.neg.B10.S214.comb	-7.06507622471008	-15.1411270347006	0.583740505170214
cy84_Primary_CD45_pos_E10_S442_comb	-7.72147386945448	7.40264473213517	18.7528111679956
cy79.p1.CD45.pos.PD1.pos.AS.C5.R1.F06.S258.comb	0.0675638344319737	8.49258140363988	4.04074433195402
cy78.CD45.neg.3.D08.S716.comb	18.3945135161623	-18.7263908855697	-13.9748571161303
CY88CD45POS_7_F01_S253_comb	0.384476529427643	4.06885091455065	-5.89510313341932
CY89NEG_C11_S35_comb	-1.02994826966605	-4.37737204652106	7.02820895420183
CY88_5_G08_S752_comb	21.7911888227082	-19.948303465059	10.8440181955458
cy81.Bulk.CD45.neg.H11.S191.comb	4.65333627368386	-14.6251704933441	4.04869776807114
CY75_1_CD45_CD8_8__S315_comb	-1.16961056465331	4.85415829849181	-2.5808639837761
cy88_cd_45_pos_3_C07_S607_comb	0.346256457194826	15.2302282778526	23.0426133084436
cy79.p3.CD45.neg.PDL1.neg.E05.S245.comb	-9.53502965538977	-18.0503404378788	-8.13018894783252
CY75_1_CD45_CD8_7__S253_comb	11.2701138131972	3.05147438238632	1.00641959683928
cy80.Cd45.pos.PD1.pos.A05.S17.comb	2.78703339824542	13.1475966606815	3.15920892738548
cy78.CD45.neg.3.D09.S717.comb	-28.2595079549843	-13.8575191169594	-19.960291312831
CY89COREQ1_H03_S375_comb	-28.0603969118193	16.0598734377878	9.06953158819292
Cy67.CD45pos.S2.F3_S63	-16.1581238276827	12.456733755407	-1.59673804637093
cy94_cd45neg_cd90pos_H09_S381_comb	2.30347828462553	3.93458590053585	19.203562624157
cy60_1_cd_45_pos_3_E07_S343_comb	-18.6349088801918	-5.1311031532812	13.7407184870986
CY94CD45POS_1_D10_S142_comb	-8.22523869184689	1.2480425291882	1.32007439002192
cy53.1.CD45.pos.1.A10.S10.comb	0.32948478879594	1.88834084994035	1.51605939365592
cy88_cd_45_pos_G03_S459_comb	-3.57261832472875	-5.92850122119577	-7.15880722561543
Cy71_CD45_A09_S489_comb	-3.20929717656387	-13.2342873200838	2.80149535141071
cy74.CD45.pos.F04.S736.comb	2.64186497612553	4.52158650144593	-3.58127967738071
cy80.CD45.neg.A12.S396.comb	2.81422569680594	6.83115941138008	2.89672823426629
cy79.p5.CD45.pos.PD1.pos.D05.S617.comb	4.12363733689934	-4.05628461822689	-3.27542689932748
cy74.CD45.pos.G06.S750.comb	-3.58107729367084	8.7445653252494	-1.65439264060296
CY75_1_CD45_CD8_8__S343_comb	-2.75156471430105	6.81545579184069	-11.6808559001216
cy81.Bulk.CD45.neg.E04.S148.comb	6.57475764870461	-7.27703325355204	9.16813015556432
cy72.CD45.pos.A04.S868.comb	5.90452240334748	26.2369326660786	-6.95814712871913
cy84.Met.CD45.pos.H05.S953.comb	-23.7546449087447	19.0285556569043	-12.6218206691953
cy60_1_cd_45_pos_HC_pos_HLDAR_pos_C03_S987_comb	14.2390580597033	33.1173235461598	-3.86160497707462
cy78.CD45.neg.1.C03.S507.comb	9.0573136682769	-10.0925588509429	-0.661646553489134
CY75_1_CD45_CD8_3__S157_comb	3.65776143454104	3.67341777050772	3.77221869254003
CY89A_CD45_POS_6_G11_S179_comb	3.18699439260474	3.29659253289647	-1.65328121703353
cy79.p1.CD45.neg.PDL1.pos.AS.C1.R1.E04.S52.comb	-4.50812312460616	-17.4854167403939	0.180403364336431
Cy67.CD45pos.S2.D12_S48	-30.9197339306778	-3.88214317290705	8.49432132954906
cy80.CD45.pos.PD1.pos.B10.S118.comb	-1.05626774625908	12.1817770433837	0.980983094582257
CY89A_CD45_POS_6_F07_S163_comb	-3.49549570011765	3.34219044643401	12.1555529324302
monika_E12_S137_comb	0.318114468946744	15.7941826569529	2.57415316177015
CY80.neg.D11.S47.comb	0.404106928911628	-2.79328784111093	20.2040449241465
cy60_1_cd_45_pos_4_G06_S78_comb	8.48909736786601	13.3065577669696	7.03501524786446
CY89A_CD45_POS_4_B06_S402_comb	-7.72203834140425	12.0224673018852	-1.83192651454138
cy81.FNA.CD45.neg.B01.S973.comb	2.93866727610093	-7.46316258301005	1.76227384477089
cy94_cd45neg_cd90pos_B07_S307_comb	-5.35850499337131	-0.138283577372688	0.225929322601292
cy74.CD45.pos.F10.S742.comb	-0.62096603834881	7.03743135674864	-0.425931675673372
CY88_3_F04_S640_comb	-2.75297400946074	-16.8451869802038	22.2226178453653
CY88CD45_150813_G09_S369_comb	16.4535223354486	5.49827696527025	-6.08882016585428
Cy67.CD45pos.S2.B3_S15	-22.4234598836853	6.52776119662957	-31.4635838334418
CY89A_Core_15_B06_S18_comb	6.60206626105651	0.394841222193924	-4.80131315821924
cy53.1.CD45.pos.1.A04.S4.comb	0.91984357966079	-2.15684952478161	-1.41646496207092
cy82.CD45.pos.1.B11.S503.comb	-5.27219715668305	-9.96929491176254	8.13301966301859
CY89COREQ1_G05_S365_comb	-19.999601693809	16.9937419115631	-22.0231717833275
cy80.Cd45.pos.PD1.pos.B03.S39.comb	-5.26241333814514	2.49505402319966	0.715062613895685
CY89COREQ1_E11_S347_comb	34.3191583142012	10.0688693350589	24.8355630834051
Cy72_CD45_F05_S737_comb	-18.3158322196812	-4.53337853253565	-28.6252065443847
CY89A_CD45_POS_4_F01_S445_comb	0.136062191966326	32.2070588126243	-8.38725243622713
cy88_cd_45_pos_3_F07_S643_comb	-10.2828687947509	-4.63249168721603	-12.8765701494602
cy84_Primary_CD45_pos_H03_S471_comb	5.94814496823423	7.44452413982536	-30.8200161174843
cy72.CD45.pos.A02.S866.comb	-11.7647632904661	-3.5580091970315	-7.92893977688685
Cy80_II_CD45_B09_S885_comb	-13.3601502805741	-8.48103332566998	19.4113046647308
cy79.p3.CD45.pos.PD1.neg.F12.S168.comb	-6.02262735239086	-2.41902943204284	-1.43585993737705
Cy81_Bulk_CD45_B04_S112_comb	4.10074546336864	-10.4305333396255	3.07728681622896
CY75_1_CD45_CD8_7__S214_comb	-0.0688321228348289	-1.45605155304729	-12.7327059057936
cy79.p1.CD45.neg.PDL1.pos.AS.C1.R1.A04.S4.comb	-2.43293302921816	-18.4706332829146	4.70199354328378
cy79.p5.CD45.pos.PD1.pos.A02.S578.comb	4.0363559346463	9.38466430657765	-2.61840580888458
cy58.1.CD45.pos.B06.S594.comb	-0.56903375793083	-1.86287682918896	-3.67777076392526
cy80.CD45.pos.PD1.pos.E10.S154.comb	-5.61292599141048	18.9518537958044	-0.900405711554286
Cy80_II_CD45_C03_S891_comb	0.802577452535706	-11.5975525096509	2.95474159687579
cy94_cd45pos_4_A09_S9_comb	-4.72717541494581	0.0466550222392573	-0.63366044591041
CY88CD45POS_7_C07_S223_comb	-3.03110617718029	-5.30271532895357	7.94510670650861
CY89A_CD45_POS_4_E05_S437_comb	-20.4207222194768	14.6241608928564	-6.82977258158007
CY75_1_CD45_CD8_8__S316_comb	17.3354948170737	-0.814506314960989	-20.0895592574849
CY75_1_CD45_CD8_3__S127_comb	6.17795121559912	6.28081886415131	0.731311990439745
cy79.p5.CD45.neg.PDL1.neg.G08.S848.comb	-6.63272547949232	-13.3616754032011	1.40836296821361
cy79.p1.CD45.pos.PD1.pos.AS.C5.R1.C04.S220.comb	-10.5998983541125	5.89715353217883	-4.10030794533655
cy94_cd45pos_4_B07_S19_comb	-17.7596999683829	19.6890305357211	7.01429299127143
Cy71_CD45_F07_S547_comb	6.93627510190267	-10.0456775431269	-17.1366613291367
cy81.FNA.CD45.neg.B04.S976.comb	-2.47280363496427	-14.2796543344533	-0.0181355910474198
cy53.1.CD45.pos.1.F09.S69.comb	19.8462428649574	3.50362135032694	7.27593893737035
CY75_1_CD45_CD8_1__S72_comb	2.7412231754194	15.84273325793	-4.38308592243266
cy84.Met.CD45.pos.B02.S878.comb	22.8661168106545	10.0121684884978	12.9047380057296
Cy71_CD45_E02_S530_comb	19.1301056461562	-1.4105554843737	3.6215664281389
cy53.1.CD45.pos.1.H03.S87.comb	-6.7457737866103	17.4228065521705	4.08514560005002
CY88CD45POS_2_B09_S405_comb	-1.43880212131069	-5.31555211301592	12.0827352790825
monika_E5_S139_comb	-23.2852368809167	0.563118683099794	-7.41316131543916
cy81.Bulk.CD45.neg.A10.S106.comb	-0.273561246657023	-26.2003186039682	0.404129673883786
CY89CORE11_B10_S118_comb	-0.556484011739902	-18.8689983537796	-16.9103219087375
cy78.CD45.neg.3.E06.S726.comb	12.8855372245599	-12.9089300229437	-5.09016015688877
CY75_1_CD45_CD8_1__S25_comb	-6.84991583582026	-1.22900738312125	-0.218002343956358
cy82.CD45.neg.2.H12.S288.comb	-7.17174272775591	-22.5501903793846	5.08336782873353
CY89A_CD45_POS_10_A07_S199_comb	-1.66838000653578	11.8300121934645	-2.48455309124994
CY58_1_CD45_B11_S983_comb	-3.03396213325503	4.85822736571668	-1.56530537455725
CY89CORE11_F07_S163_comb	4.35085404126597	-11.964907998681	0.343201079530638
cy81.Bulk.CD45.neg.D09.S141.comb	8.27792660640782	-18.56307306938	3.14842911721056
cy78.CD45.neg.3.A12.S684.comb	16.295656295661	-7.0255085162378	-21.6554876588039
cy82.CD45.pos.2.A05.S485.comb	-17.0027164059222	8.556027617882	0.0722467810420985
CY89A_CD45_POS_10_A04_S196_comb	12.8164144828052	12.8278702540993	6.76611964088291
cy88_cd_45_pos_C05_S413_comb	-4.31571750527411	-1.18375654278735	-16.711100153084
cy81.FNA.CD45.neg.H11.S1055.comb	5.42061037109594	-22.1673699071096	-0.130782940682456
Cy74_CD45_G03_S459_comb	9.69206613476571	-14.1811701287913	-5.50853576896393
cy94_cd45pos_D03_S135_comb	-15.162600311147	5.94613901973179	-16.8639135879399
CY89A_CD45_POS_10_F12_S264_comb	-6.8891554740563	-0.26390405232042	-0.356763413595783
cy94_cd45pos_4_G12_S84_comb	0.582032845361456	1.417355115508	15.382390465153
cy80.Cd45.pos.PD1.pos.S164.G08.S164.comb	4.92076365469233	0.938669817720222	-8.20827051818782
cy82.CD45.pos.2.E02.S530.comb	-2.03090591919279	-11.7531797625734	10.9372381894522
CY84_PRIM_POS_All_6_D12_S432_comb	5.45555514972767	-2.79405621959356	0.656971818688251
cy79.p5.CD45.neg.PDL1.neg.H05.S857.comb	2.58667108323389	-9.28722633979782	-1.05538873484327
Cy74_CD45_F06_S450_comb	11.4790509352472	5.75271092031578	-7.09416560000869
cy79.p4.CD45.pos.PD1.pos.E09.S345.comb	-19.3916373154914	-1.56125124066385	-18.036537998303
cy88_cd45pos_5_D05_S233_comb	-16.1296630484542	3.83989515177393	-3.07105947453668
cy79.p5.CD45.neg.PDL1.neg.H08.S860.comb	-6.96979623219009	-13.7259753058627	4.89167417747435
cy60_1_cd_45_pos_HC_pos_HLDAR_pos_C11_S995_comb	-5.39693616587102	-4.15905045994872	14.1113509275989
CY94CD45POS_1_F06_S162_comb	-5.67707476917282	-0.974524353274618	0.982678167024797
Cy67.CD45pos.S2.G11_S83	-1.57994342572552	9.58271658008866	-4.78216682767712
CY88_5_D08_S716_comb	4.06448425962965	-21.7448456542595	-11.9117119427283
Cy81_Bulk_CD45_C08_S128_comb	-5.69743435672626	-28.8379199196499	-5.85763807722865
cy81.Bulk.CD45.neg.C01.S121.comb	6.38812333679848	-14.5605158827272	9.52538342035592
Cy59_38	9.52768034578967	-4.38946721145713	48.6709426254932
CY89A_CD45_POS_10_B11_S215_comb	42.4165912731061	0.806542496427802	-0.0697659647068369
cy74.CD45.pos.B05.S689.comb	0.446468902789005	2.37698533523588	-2.82256120691625
cy94_cd45pos_4_H12_S96_comb	-6.66144165665583	3.52153271966613	15.5523449817837
CY58_1_CD45_G07_S1039_comb	10.6251896458873	21.2546940485417	-3.13330227536756
cy82.CD45.pos.3.H10.S94.comb	2.44212099130069	2.51550789628883	-3.61704077114391
CY88CD45_150813_G04_S364_comb	-1.85813604509552	1.94144586748446	1.80615050114591
cy72.CD45.pos.D04.S904.comb	-1.53476026567763	2.63554293283287	-36.2506716735273
cy79.p3.CD45.neg.PDL1.neg.E02.S242.comb	11.8377775262615	-19.87190813233	9.16853739225535
Cy74_CD45_C11_S419_comb	1.52630761768977	0.425249830046698	-2.62209917609923
cy79.p4.CD45.pos.PD1.pos.C08.S320.comb	20.9604936803095	12.4750930160601	-10.4810123009125
CY58_1_CD45_A10_S970_comb	23.2789079208299	14.0637397492774	1.72807803117591
cy79.p3.CD45.pos.PD1.neg.G03.S171.comb	-9.14777802462254	21.1585628317657	-14.5176369411167
cy80.CD45.pos.PD1.pos.B08.S116.comb	-1.1759478387882	15.5184313509757	-12.8006898880339
CY88CD45POS_7_F02_S254_comb	-24.3376322581483	18.8865163885442	-1.43983328678331
cy94_cd45pos_4_D09_S45_comb	6.881082626696	-7.24648510748767	0.637886553067353
cy79.p1.CD45.neg.PDL1.neg.AS.C4.R1.B02.S110.comb	-2.72722786237175	-16.3497916434385	4.77891121215941
CY88CD45_150813_C05_S317_comb	-10.5654975896549	6.03302607412772	4.67075931564489
CY94_CD45NEG_CD90POS_2_C11_S35_comb	-6.43336364156208	-3.21140568308468	0.429561990083802
Cy71_CD45_E09_S537_comb	-21.3291415008966	-11.3221904235438	23.3187944338577
cy79.p5.CD45.pos.PD1.pos.G09.S657.comb	-0.307073152792137	6.62620712467685	-3.54800084488834
cy60_1_cd_45_neg_1_C08_S224_comb	-3.50672025646889	-3.43564905113072	12.3802287497911
cy79.p4.CD45.neg.PDL1.pos.G10.S466.comb	-2.82319127643466	7.28288105294776	5.28691612254086
Cy74_CD45_F09_S453_comb	4.78743945817705	-5.10566382149712	-0.564268283147496
cy74.CD45.pos.G12.S756.comb	-3.24530476376758	21.951282238541	2.40227675804458
CY89A_CD45_POS_6_F06_S162_comb	-0.00180036400969251	-5.21332277305179	9.0629682025258
Cy72_CD45_G05_S749_comb	-13.7940473452395	-0.240220892342894	-16.0097121598316
cy53.1.CD45.pos.1.E07.S55.comb	-7.57786033265685	0.511724910938112	-0.764991939210385
cy84_Primary_CD45_pos_G08_S464_comb	-8.23773798375427	4.2164211133037	-6.83869332208884
cy53.1.CD45.pos.1.C11.S35.comb	-2.58268489218867	10.1299889407717	3.39595772378399
cy79.p1.CD45.pos.PD1.neg.AS.C1.R2.H08.S572.comb	-18.9918023453849	12.7347890983742	7.124451920835
CY89A_CD45_POS_4_H06_S474_comb	-1.21545009817209	19.1934287784853	8.79872481385047
CY75_1_CD45_CD8_8__S322_comb	19.613231172275	16.9058912933549	12.2262991235956
cy79.p4.CD45.neg.PDL1.neg.G02.S1130.comb	-18.7338002162209	-21.4939295832698	0.453861368501222
cy79.p1.CD45.neg.PDL1.pos.AS.C1.R1.G11.S83.comb	-5.20666808289049	-14.8478256582783	-3.27517859400553
CY89A_Core_15_H07_S91_comb	4.55821113320801	1.95141804176977	-2.36885800955096
cy58.1.CD45.pos.D02.S614.comb	0.980075632077019	6.86431715570029	0.76146340006344
cy80.CD45.neg.G06.S942.comb	-1.88192909898321	-1.61163827089285	16.6677048908078
cy60_1_cd_45_pos_HC_pos_HLDAR_pos_B11_S983_comb	-6.64705733894897	-0.148424689706597	13.3474018003943
cy79.p5.CD45.pos.PD1.pos.C02.S602.comb	0.450849343044755	0.0639076929285183	-5.64574496223451
cy80.Cd45.pos.PD1.pos.B10.S46.comb	5.52549163874603	7.76230821760314	6.5690316007746
cy53.1.CD45.neg.F09.S357.comb	-0.259104826419843	-16.9842330228833	0.977588453887296
cy80.Cd45.pos.PD1.pos.S119.E11.S119.comb	-8.81150137451665	34.9249012463165	9.82620113914529
CY88CD45_150813_H11_S383_comb	-20.9840486573318	-3.70220022766524	3.97945316741871
CY89A_Core_15_B12_S24_comb	-3.24249933617031	5.45124089679437	0.271417843328118
cy80.Cd45.pos.Pd1.neg.S248.C08.S248.comb	-8.21196583133849	22.6879296610656	6.53974140857948
cy80.Cd45.pos.PD1.pos.S112.E04.S112.comb	-1.78948619822436	9.15630092518996	0.517103645560846
CY75_1_CD45_CD8_3__S134_comb	-4.11921343176166	1.69516961775647	-0.463266878366901
cy79.p1.CD45.neg.PDL1.neg.AS.C4.R1.H03.S183.comb	-7.14825540530119	-12.834768684233	-5.02451873784421
cy94_cd45pos_H03_S183_comb	-10.9242568683469	15.5997200661838	-21.9527748482341
cy79.p4.CD45.pos.PD1.pos.G03.S363.comb	-2.64730667732883	12.6746247699677	-21.0744268170005
CY88CD45POS_2_F03_S447_comb	11.7785401653717	10.8042812565482	24.9389504390263
CY89A_CD45_POS_6_C02_S122_comb	0.986480593474024	6.3396393564994	7.64453138659107
Cy80_II_CD45_F01_S925_comb	-5.24175761858512	0.438965149361369	15.7921030309438
Cy71_CD45_E08_S536_comb	15.0767327486878	-15.027163702554	35.4162889781958
cy80.CD45.neg.H12.S480.comb	15.0350491595523	0.432551786932342	-1.86251802533999
cy78.CD45.neg.1.H07.S571.comb	10.553812494328	-10.499423269314	-7.51971175066349
Cy71_CD45_F10_S550_comb	18.4075210352703	-12.8848456925871	21.2830070710644
monika_F2_S146_comb	0.453566275184108	10.5567975187007	-2.12084173080482
Cy72_CD45_G04_S748_comb	6.88480498025963	1.50863482091531	-0.64326003780873
cy94_cd45neg_cd90pos_C11_S323_comb	10.9848517288355	-1.20697591679726	8.2292115605604
cy80_CD_90_pos_B06_S882_comb	1.34333575319383	-7.73784437141013	0.629285385706518
cy80.Cd45.pos.PD1.pos.D01.S85.comb	4.30169491239947	-0.610516332692548	-3.17696794734142
cy58.1.CD45.pos.F10.S646.comb	-1.4370591689136	8.37713965863327	-2.45093994663925
cy72.CD45.pos.H05.S953.comb	-4.3512319302551	14.0576537337183	15.0437952442683
Cy71_CD45_D07_S523_comb	-16.6599124671325	-0.324700088207514	-7.83710721472147
cy80.CD45.pos.PD1.pos.D09.S141.comb	3.75690331445989	6.36764640697332	14.0266437448234
cy78.CD45.neg.1.D04.S520.comb	14.4408333407816	-13.6023589084936	-17.0878214114213
cy80.CD45.neg.C01.S889.comb	-4.55626744167144	-12.4162347728673	3.88250942247951
cy84_Primary_CD45_pos_H01_S469_comb	-25.6999414212535	25.648227819743	4.03811552447599
CY94CD45POS_1_A05_S101_comb	-0.0944412419363256	7.33982702992201	11.8217976358417
cy78.CD45.neg.3.B08.S692.comb	11.9200762456371	-5.47415573255796	24.3251525082972
CY88_3_E10_S634_comb	24.1293349684101	-24.2890752962075	-3.34128269943907
cy79.p4.CD45.pos.PD1.pos.B08.S308.comb	-2.81240558150944	9.16523100303943	-8.76974045271261
CY89A_CD45_POS_6_D08_S140_comb	-2.50442652957335	0.000145724145861996	-26.3663195845682
cy79.p4.CD45.pos.PD1.pos.G08.S368.comb	0.491969682513239	2.75215944988127	-5.11167989633489
cy79.p5.CD45.neg.PDL1.pos.G06.S750.comb	-7.7307495930972	-11.7042308913602	0.617967379207384
cy79.p5.CD45.neg.PDL1.neg.A05.S773.comb	16.468666898063	-10.6255705900783	3.12439196056155
CY88_3_D09_S621_comb	-10.8798748056995	-6.02071576924046	11.9319709528571
CY65_POS_D_AGGCAGAA_TAGATCGC	9.88774139739379	31.1400018596035	7.90466577937016
cy79.p4.CD45.neg.PDL1.neg.H10.S1150.comb	-1.62765991766039	-15.3124413448699	1.04029850824748
cy79.p4.CD45.pos.PD1.pos.F12.S360.comb	-34.5808461064646	3.74235439173453	1.30139072941921
Cy81_Bulk_CD45_G12_S180_comb	0.839631843924281	-10.692735667651	8.48347791477016
CY88_5_A07_S679_comb	21.7234933816951	-17.5893390468989	-0.0849260241793416
Cy80_II_CD45_A04_S868_comb	-4.72143075061472	-2.06190283970608	6.85874897838144
cy58.1.CD45.pos.B05.S593.comb	-4.74514408291082	19.6494583589279	-5.51547428966903
cy84.Primary.CD45.neg.H02.S1046.comb	2.65393187779314	-13.1747623769829	6.49020314076699
cy74.CD45.pos.F03.S735.comb	-0.585449351392937	4.07886689209133	2.5021608132552
Cy67.CD45pos.S2.H8_S92	6.41810897294577	28.1014689447306	25.1708411771001
Cy71_CD45_B05_S497_comb	4.51246432020947	-15.7457418000719	-19.941540060603
CY94CD45POS_1_H03_S183_comb	-9.40303568613107	-2.70207604579174	7.13844514379005
cy79.p1.CD45.neg.PDL1.pos.AS.C1.R1.E06.S54.comb	-6.1484979910093	-16.5704583096686	1.24695299921023
cy81.FNA.CD45.neg.F08.S1028.comb	0.88842858580409	-14.9501486860732	10.5506863884094
cy80.Cd45.pos.Pd1.neg.S221.B05.S221.comb	-9.35288150784746	30.1998471353872	0.171434919490195
cy94_cd45pos_D11_S143_comb	-10.1784391390004	28.8953651492472	-7.22492137216828
CY89NEG_H11_S95_comb	-5.60249630244379	-15.2814738193379	-22.5360145567354
CY75_1_CD45_CD8_8__S331_comb	7.83973788187894	10.4249558813761	-4.93787624404095
cy60_1_cd_45_pos_4_G12_S84_comb	-6.06137751917613	1.33429915684496	1.06930943113765
CY94CD45POS_1_H09_S189_comb	-12.0070241066622	14.1753353272424	-14.7694391330589
Cy59_64	-12.2659854713422	-8.20486324041696	38.891314973803
CY75_1_CD45_CD8_8__S321_comb	6.23812163674006	16.6144089677988	-7.16929010990091
CY88CD45POS_2_F04_S448_comb	5.86583070465398	-7.34015847559594	5.67340068571262
cy79.p1.CD45.neg.PDL1.pos.AS.C1.R1.B07.S19.comb	-5.35006286290144	-14.9442285426143	1.29819048379954
Cy71_CD45_C02_S506_comb	3.14074426110743	-22.5212206709679	-26.0495389244102
cy79.p3.CD45.neg.PDL1.neg.F03.S255.comb	-10.8852471440365	-16.6421793261187	-16.8688483210246
cy79.p5.CD45.neg.PDL1.neg.D07.S811.comb	-5.10188930801655	-12.7321312770486	2.03960879626878
cy81.Bulk.CD45.neg.C03.S123.comb	2.82188868713153	-15.5566918511627	-2.63022733749931
CY88CD45POS_2_G06_S462_comb	0.205883771167306	0.445019900929602	-3.61926161773487
CY65_POS_A_AGAACATT_GGTCCAGA	7.81562393928712	-0.559288196897916	-7.96037029297406
cy79.p5.CD45.pos.PD1.pos.D10.S622.comb	3.50126731184381	0.850959102494755	-3.51498438089776
CY84_PRIM_POS_All_8_E10_S154_comb	3.26380934045721	6.5810581483116	-0.0355234232672096
Cy81_FNA_CD45_B04_S208_comb	1.14126138099472	4.1653551754101	-10.3680029603215
cy80.CD45.neg.H03.S951.comb	-7.04408556135706	-12.7647134074092	9.99081907138377
cy79.p4.CD45.pos.PD1.pos.B05.S305.comb	-6.63993131636798	2.85176744414285	0.994471088943569
CY75_1FNA_B01_S493_comb	1.3323302123908	-4.83667012742693	-4.74733437390619
cy94_cd45pos_H10_S190_comb	-8.48654922257362	-0.430545092119148	1.70181740263935
CY88CD45POS_2_D06_S426_comb	0.353455389946454	-10.964360469587	13.4722927048926
CY75_1FNA_F07_S547_comb	-3.07516584257404	2.8479173024268	-5.68611337153142
cy80.CD45.neg.F10.S934.comb	-2.79522381923559	-2.04583263477403	9.36693868306889
Cy81_FNA_CD45_G10_S370_comb	-2.35988649387458	5.3928450132755	2.24934391393638
CY89A_Core_15_B09_S21_comb	-12.6057726198209	17.753876699463	2.37473031575809
cy78.CD45.neg.3.E12.S732.comb	5.27017476128532	-7.66609302555597	-2.17737025745938
cy53.1.CD45.neg.G07.S367.comb	2.08430124815384	1.8988413028213	-1.51199142994504
cy82.CD45.pos.1.G02.S554.comb	-0.154593117939027	0.718836783709693	0.608220203994746
CY75_1_CD45_CD8_8__S383_comb	2.67968513724361	2.12873960746691	-19.3670820251634
CY89FNA_A08_S200_comb	2.32227936920625	2.30257933516892	-4.96607769898021
cy78.CD45.neg.1.C04.S508.comb	10.7175211534305	-8.18117587744485	-3.55782581367962
cy60_1_cd_45_pos_3_A11_S299_comb	5.84309123939662	3.25582805887846	-1.71294423348582
CY75_1_CD45_CD8_8__S342_comb	7.84494487066497	11.1692909958426	-17.4547811837745
cy58.1.CD45.pos.A10.S586.comb	10.3836647871333	-1.87227000070245	-8.27683337781759
cy82.CD45.pos.1.B12.S504.comb	-10.6412481708711	4.06176009455722	15.4159672666347
cy88_cd_45_pos_C09_S417_comb	-3.48144559027688	-0.0953816663033111	-1.35419112894937
CY89A_CD45_POS_4_B11_S407_comb	-3.53114323786686	2.37704137258685	18.2294449821104
cy79.p4.CD45.neg.PDL1.neg.C10.S1090.comb	-5.41493165342505	-15.7323838728647	-0.38421857924658
cy79.p5.CD45.neg.PDL1.neg.H10.S862.comb	-4.36702710288536	-14.341952230833	1.72277997716111
cy74.CD45.pos.F02.S734.comb	-10.1744012054707	9.30391880337918	-2.16902705010505
Cy81_FNA_CD45_B04_S304_comb	-3.04388470346809	-12.6505410931638	14.8928149729633
cy79.p1.CD45.pos.PD1.neg.AS.C1.R2.G09.S561.comb	-5.50985217984316	0.872854704672386	-1.29705511215453
CY80.neg.B12.S24.comb	-7.59934377277231	-4.21238951123869	16.5303255516833
cy72.CD45.pos.F06.S930.comb	1.56915093155383	19.5571190200202	3.75160676899542
CY80.neg.D10.S46.comb	-4.72604957071518	-9.4622984716678	2.73855379526026
cy94_cd45pos_G02_S170_comb	5.95203129339698	19.6272551754611	18.007210624112
CY88_3_G09_S657_comb	16.3161125590282	2.65528628556621	29.1591762567986
cy80.CD45.neg.B08.S884.comb	-9.30259925225031	0.599780785447549	11.0685723203723
Cy74_CD45_G01_S457_comb	-3.7315520059455	-5.40172822386285	-11.299230285122
CY75_1_CD45_CD8_3__S174_comb	-2.09390604607811	2.03051824417215	-1.28335572511335
cy79.p5.CD45.pos.PD1.pos.F06.S642.comb	1.66772997990492	9.53488911144775	1.36022737393857
CY67_NEG_A_CAGAGAGG_AAGGAGTA	-1.65057775749672	7.32050643138594	1.94502769339161
cy72.CD45.pos.C06.S894.comb	-3.8703266856443	24.7001367532798	-7.48034286783215
cy80.Cd45.pos.Pd1.neg.S247.C07.S247.comb	-0.867020913356324	2.638866942149	8.20439883577124
cy53.1.CD45.pos.1.D10.S46.comb	1.09819437813718	5.47908101477094	-6.21099880835415
cy88_cd_45_pos_G02_S458_comb	2.89110831164422	2.85548306438688	-6.39020221583596
CY75_1_CD45_CD8_7__S260_comb	8.22765116479219	6.55333575663962	2.96512967528401
cy72.CD45.pos.G11.S947.comb	-7.94605101098173	-1.60840584915852	-1.00472139627599
cy94_cd45neg_cd90pos_E10_S346_comb	13.7902106489247	1.42547431968628	5.73456930144094
CY89NEG_B08_S20_comb	6.25539803886819	-11.4547037870774	-0.149123446884576
cy79.p5.CD45.pos.PD1.pos.H06.S666.comb	-0.757275505858333	2.07992637159105	-5.10046607027096
CY75_1_CD45_CD8_7__S215_comb	0.421905272535366	4.7095013819036	-1.94716829368421
cy94_cd45neg_cd90pos_B11_S311_comb	4.86291772234131	1.64559692158072	-0.849636555452182
cy53.1.CD45.pos.1.C10.S34.comb	1.93704719580045	2.86301059475725	-0.11642559288735
cy79.p5.CD45.pos.PD1.pos.E04.S628.comb	1.01042847717498	8.85592936252525	-4.4220584422678
cy80.CD45.pos.PD1.pos.A05.S101.comb	16.7477037695856	27.3867417062823	15.812760746012
CY94CD45POS_1_G10_S178_comb	-29.0929714538231	-2.14479097014445	-0.994126616382696
cy84.Primary.CD45.neg.A12.S972.comb	-7.85753593947781	-7.36979866891399	6.68078999107444
Cy72_CD45_D09_S717_comb	1.92542475004008	-6.07552458016741	2.09926223509584
CY88_3_B08_S596_comb	13.2717918395786	-16.1598031067672	-10.5324523133952
CY88_3_B12_S600_comb	-14.1330416722962	-6.81841641658249	8.07002538189803
cy79.p5.CD45.neg.PDL1.pos.C07.S703.comb	-21.9264957846646	-20.9507972297337	8.46539913236602
cy80.CD45.neg.G09.S945.comb	-2.79025807136982	0.670700005651889	9.11516737832254
cy79.p5.CD45.pos.PD1.pos.F01.S637.comb	-3.69245136958479	3.40426585768617	-11.5409646013499
cy79.p5.CD45.neg.PDL1.pos.G04.S748.comb	-9.66741927880594	-16.0541297219695	0.101794619423864
cy74.CD45.pos.E09.S729.comb	-0.0717389750452667	-2.40939648483743	-6.28162122842503
cy79.p3.CD45.pos.PD1.pos.AS.C2.R1.F08.S452.comb	-11.8869349630642	16.8072743956716	8.66898377496174
cy58.1.CD45.pos.G09.S657.comb	0.484748159023464	-2.90133291877633	-9.12329368507826
